0 0 0 0 0 0 0 0 
0 0 0 0 0 0 0 0 
0 0 0 0 0 0 0 0 
0 0 0 0 0 0 0 0 
0 0 0 0 0 0 0 0 
0 0 0 0 0 0 0 0 
0 0 0 0 0 0 0 0 
0 0 0 0 0 0 0 0 
-5 6 6 -2 -6 -4 2 4 
2 0 0 -1 -2 -2 -1 1 
1 1 0 0 0 0 0 0 
0 -1 -1 0 0 1 1 0 
0 0 0 0 0 0 0 0 
0 0 0 0 0 0 0 0 
0 0 0 0 0 0 0 0 
0 0 0 0 0 0 0 0 
-29 -18 30 -8 10 -14 -3 11 
4 2 -1 -3 -1 1 -1 0 
0 1 0 1 1 -1 -1 -1 
-1 2 -1 0 0 -1 1 -1 
0 0 1 0 0 0 0 0 
0 1 0 0 0 -1 0 0 
0 0 1 1 -1 0 -1 0 
0 0 0 0 0 0 0 0 
-46 7 55 -19 -4 1 0 -1 
-1 2 2 2 0 0 0 0 
0 0 0 -2 -2 1 0 0 
0 0 0 0 0 0 0 0 
0 0 1 0 -1 0 0 0 
0 0 0 0 0 0 0 0 
0 0 0 0 0 0 0 0 
0 0 0 0 0 0 0 0 
-45 -7 53 -17 4 1 0 -1 
1 2 2 -2 0 0 0 0 
0 0 0 1 -2 0 0 0 
0 0 0 0 0 0 0 0 
0 0 -1 0 1 0 0 0 
0 0 0 0 0 0 0 0 
0 0 0 0 0 0 0 0 
0 0 0 0 0 0 0 0 
-8 -9 10 -5 9 -2 0 3 
-5 2 -1 2 -1 0 0 0 
0 0 1 -1 1 0 1 0 
0 0 0 0 0 0 0 0 
0 0 0 0 0 0 0 0 
0 0 0 0 0 0 0 0 
0 0 0 0 0 0 0 0 
0 0 0 0 0 0 0 0 
0 0 0 0 0 0 0 0 
0 0 0 0 0 0 0 0 
0 0 0 0 0 0 0 0 
0 0 0 0 0 0 0 0 
0 0 0 0 0 0 0 0 
0 0 0 0 0 0 0 0 
0 0 0 0 0 0 0 0 
0 0 0 0 0 0 0 0 
0 0 0 0 0 0 0 0 
0 0 0 0 0 0 0 0 
0 0 0 0 0 0 0 0 
0 0 0 0 0 0 0 0 
0 0 0 0 0 0 0 0 
0 0 0 0 0 0 0 0 
0 0 0 0 0 0 0 0 
0 0 0 0 0 0 0 0 
-3 4 -4 -2 4 -2 1 -3 
2 -1 0 1 -1 1 -1 0 
-1 1 -1 0 0 0 0 0 
1 -1 1 0 0 0 1 0 
0 0 0 0 0 0 0 0 
0 0 0 0 0 0 0 0 
0 0 0 0 0 0 0 0 
0 0 0 0 0 0 0 0 
-135 9 31 13 -6 -7 6 -17 
1 3 1 2 -3 -1 3 1 
-1 0 1 1 1 0 1 2 
0 -2 -2 1 1 -1 0 -2 
0 1 0 0 0 1 0 -2 
1 0 0 -1 0 0 0 0 
0 0 0 0 0 -1 0 -1 
0 0 0 -1 1 0 0 0 
-165 -2 1 1 1 -1 -1 -1 
0 1 0 0 -1 -1 0 0 
0 0 0 0 0 0 0 0 
0 0 0 0 0 0 0 0 
0 0 0 0 0 0 0 0 
0 0 0 0 0 0 0 0 
0 0 0 0 0 0 0 0 
0 0 0 0 0 0 0 0 
-172 4 19 -8 -6 1 0 -1 
1 2 0 1 1 0 0 0 
0 0 0 -1 0 0 1 0 
0 0 0 0 0 0 0 0 
0 0 0 0 0 -1 0 0 
0 0 0 0 0 0 0 0 
0 0 0 0 0 0 0 0 
0 0 0 0 0 0 0 0 
-177 0 35 -9 -3 0 0 0 
1 -1 3 0 0 0 0 0 
0 0 0 0 -1 -1 0 0 
0 0 0 0 0 0 0 0 
0 0 0 1 0 0 0 0 
0 0 0 0 0 0 0 0 
0 0 0 0 0 0 0 0 
0 0 0 0 0 0 0 0 
-153 -21 48 -10 -5 5 -1 2 
-6 7 0 -3 3 0 0 0 
0 0 0 1 0 1 -2 0 
0 0 0 0 0 0 0 -1 
1 0 1 0 0 -2 1 0 
0 0 0 0 0 0 -1 0 
0 1 0 0 0 0 0 0 
0 0 0 0 0 0 0 0 
-36 -33 32 -3 19 -2 -1 -3 
1 0 -1 -1 5 0 0 0 
0 0 -1 -1 0 0 0 -1 
2 0 0 0 0 0 0 1 
-2 0 0 0 0 0 0 0 
0 0 0 0 0 0 -1 0 
0 0 0 0 0 0 0 0 
0 0 0 0 0 0 0 0 
4 5 -6 3 -6 2 1 -3 
3 -1 1 -2 2 -1 0 0 
0 0 -1 1 -1 0 -1 1 
0 0 0 0 0 1 0 0 
0 -1 0 0 0 0 0 0 
0 0 0 0 0 0 0 0 
0 0 0 0 0 0 0 0 
0 0 0 0 0 0 0 0 
-66 31 45 14 -26 11 -1 -3 
5 -6 -2 2 -6 2 0 0 
0 -2 2 -1 1 1 -1 1 
1 -1 0 0 0 0 1 0 
1 0 0 0 1 -1 0 2 
-1 0 0 0 0 1 -1 0 
-1 0 0 0 0 0 -1 0 
0 1 0 0 0 0 0 0 
-171 1 3 1 4 3 1 2 
2 0 0 0 1 1 1 0 
1 1 0 0 0 0 0 0 
0 0 1 0 0 0 0 0 
0 0 0 0 0 0 0 0 
0 0 0 0 0 0 0 0 
0 0 0 0 0 0 0 0 
0 0 0 0 0 0 0 0 
-194 9 7 3 8 4 1 -5 
-3 0 0 0 -2 -1 0 0 
-1 1 0 0 0 0 0 0 
1 1 0 0 0 0 0 0 
0 0 0 0 0 0 0 -1 
0 0 0 0 0 0 0 0 
0 0 0 0 0 0 0 0 
0 0 0 0 0 0 0 0 
-142 -52 -60 6 33 14 -3 -12 
-5 1 -1 -2 0 1 -1 1 
1 2 2 1 0 0 0 -1 
-2 -2 -1 0 0 0 1 1 
0 -1 0 0 0 0 1 0 
0 0 0 0 -1 -1 -1 0 
0 0 0 1 1 1 -1 0 
0 1 -1 -1 0 0 1 0 
-43 15 -151 5 1 -1 0 0 
-7 13 -3 2 0 0 0 0 
0 0 0 2 -4 1 -3 0 
0 0 0 0 0 0 0 0 
0 0 -1 2 3 0 0 0 
0 0 0 0 0 0 0 0 
0 -1 0 0 0 0 0 0 
0 0 0 0 0 0 0 0 
-50 5 -123 -39 -23 1 -5 -5 
21 3 10 7 6 4 1 0 
0 0 0 -7 -3 1 0 -3 
-1 0 0 1 0 -1 0 -1 
0 -1 -2 -2 4 2 0 0 
0 0 0 0 0 1 0 0 
2 0 2 1 -1 0 0 1 
0 -2 -2 0 0 0 0 0 
86 -39 -61 -25 -41 -7 1 -3 
-19 -9 -2 -2 2 0 -1 1 
0 0 2 1 1 1 2 3 
2 1 0 0 0 0 0 0 
1 4 3 1 2 2 -1 -1 
1 0 0 0 0 0 -1 -1 
0 -1 -2 0 0 0 0 0 
0 -1 0 0 0 0 0 0 
12 16 7 5 7 8 3 4 
5 -1 0 -1 3 1 1 1 
0 1 -1 0 0 0 0 0 
-1 0 0 0 0 0 0 -1 
0 0 0 0 0 0 0 0 
-1 0 0 0 -1 0 0 0 
0 0 0 0 0 0 0 0 
0 0 0 0 0 0 0 0 
-71 64 -2 -4 13 -17 -1 5 
-6 2 -1 3 0 -4 3 -1 
1 1 0 -2 1 -1 1 0 
-1 -1 1 -1 1 -2 0 0 
0 0 -1 0 0 0 0 0 
0 1 0 -2 0 0 0 0 
0 0 0 0 0 0 0 0 
0 0 0 0 0 0 0 0 
-172 -3 -1 0 0 0 0 0 
0 0 0 0 0 0 0 0 
0 0 0 0 0 0 0 0 
0 0 0 0 0 0 0 0 
0 0 0 0 0 0 0 0 
0 0 0 0 0 0 0 0 
0 0 0 0 0 0 0 0 
0 0 0 0 0 0 0 0 
-177 -12 -15 0 -5 2 1 1 
0 1 0 1 0 0 1 0 
0 0 0 0 0 0 0 0 
0 0 0 0 0 0 0 0 
0 0 0 0 0 0 0 0 
0 0 0 0 0 0 0 0 
0 0 0 0 0 0 0 0 
0 0 0 0 0 0 0 0 
-93 -56 12 2 -23 17 -6 11 
0 2 2 -1 -1 -2 1 0 
0 2 -1 -1 1 0 -1 0 
1 -2 1 0 0 0 1 -1 
0 0 0 0 0 0 1 0 
0 0 0 0 1 0 -1 0 
0 0 0 1 0 -1 0 0 
0 0 0 0 0 0 0 0 
-80 12 32 21 3 14 -1 11 
-3 7 4 1 7 1 2 0 
1 -1 0 -1 1 1 0 0 
0 1 0 1 0 0 -1 -2 
-1 -2 0 0 0 -1 0 -2 
0 0 0 0 -1 0 -3 0 
-1 0 -1 1 -1 0 0 -1 
0 -1 0 0 0 0 0 0 
128 -8 6 1 1 -4 -4 0 
5 0 -1 -2 4 2 -2 -1 
0 1 -2 0 1 0 0 0 
0 2 0 -1 0 1 2 -1 
-1 0 0 0 0 0 1 0 
-1 0 0 0 0 0 0 0 
0 0 0 0 0 0 0 0 
0 0 0 0 0 0 0 0 
138 0 0 0 0 0 0 0 
0 0 0 0 0 0 0 0 
0 0 0 0 0 0 0 0 
0 0 0 0 0 0 0 0 
0 0 0 0 0 0 0 0 
0 0 0 0 0 0 0 0 
0 0 0 0 0 0 0 0 
0 0 0 0 0 0 0 0 
60 43 2 -12 1 9 2 -2 
5 -3 2 -3 4 -1 -1 -1 
1 -1 2 -2 0 -1 2 -1 
3 -1 0 -1 0 0 0 0 
2 -2 1 1 -2 0 0 0 
-1 0 0 0 -1 0 1 -1 
1 0 1 0 0 -1 0 0 
0 0 1 0 0 -1 0 0 
-51 36 -47 -7 17 -3 2 4 
-6 -1 -1 -3 7 0 -1 0 
0 0 1 -1 0 0 -1 -1 
3 0 0 0 0 0 0 -1 
3 0 0 0 0 0 0 0 
1 0 0 0 0 0 1 0 
0 0 1 0 0 0 0 0 
0 0 1 -1 0 0 -1 0 
-166 1 -4 2 -4 2 1 -2 
2 -1 0 -1 1 -1 1 0 
-1 1 -1 0 0 0 0 0 
-1 1 -1 0 0 0 0 0 
0 0 0 0 0 0 0 0 
0 0 0 0 0 0 0 0 
0 0 0 0 0 0 0 0 
0 0 0 0 0 0 0 0 
-126 19 -31 -2 -16 -7 -5 5 
-1 10 -7 5 1 3 0 0 
0 1 -3 -5 3 1 3 2 
-3 0 0 -1 0 1 0 0 
3 0 0 -2 -1 -1 -1 0 
0 0 0 0 -1 0 0 -1 
1 1 0 0 1 0 0 0 
0 0 0 0 0 0 0 0 
-135 -7 13 3 -3 -2 0 -1 
-1 0 0 0 0 0 0 0 
0 0 0 0 0 0 0 0 
0 0 0 0 0 0 0 0 
0 0 0 0 0 0 0 0 
0 0 0 0 0 0 0 0 
0 0 0 0 0 0 0 0 
0 0 0 0 0 0 0 0 
-49 -50 77 -17 -22 0 -3 -1 
18 -10 -2 4 3 -3 -1 0 
-1 -2 6 -2 -2 -2 1 5 
-2 -1 0 0 0 0 -1 -1 
2 0 2 0 -1 0 1 0 
-1 -1 0 0 -1 -1 2 -1 
2 -1 2 -1 -2 0 0 -2 
0 0 1 0 0 0 0 0 
-130 14 22 17 47 44 -5 1 
-7 4 2 2 4 4 7 -1 
0 -4 1 0 0 1 0 0 
-4 -4 -1 2 0 2 -1 1 
-1 -1 0 0 0 0 -2 -2 
-4 -3 -1 1 2 2 0 -1 
0 0 0 0 0 -1 2 1 
0 1 1 1 1 1 1 1 
138 0 0 0 0 0 0 0 
0 0 0 0 0 0 0 0 
0 0 0 0 0 0 0 0 
0 0 0 0 0 0 0 0 
0 0 0 0 0 0 0 0 
0 0 0 0 0 0 0 0 
0 0 0 0 0 0 0 0 
0 0 0 0 0 0 0 0 
69 57 -16 3 2 2 -3 9 
-2 -1 0 1 -2 -1 -1 0 
-2 1 0 0 0 0 0 0 
-1 0 0 1 0 1 -1 0 
0 0 0 0 0 0 0 -1 
0 0 1 1 0 0 0 0 
0 0 0 0 0 0 0 0 
0 0 0 0 1 0 0 0 
-18 24 -4 9 4 -11 4 -3 
-10 1 0 -1 5 1 -1 0 
-1 -1 1 0 1 0 -1 0 
-1 0 1 1 -1 -1 1 1 
0 1 0 0 0 0 -1 0 
-1 -1 0 1 1 -1 0 0 
0 0 0 0 0 0 0 0 
-1 0 0 0 0 0 0 0 
-54 4 -100 3 24 -13 -1 2 
-18 10 -2 -5 11 -1 -1 0 
0 3 -3 4 -1 1 2 -4 
1 2 0 0 0 0 0 2 
-3 3 0 -1 0 2 -2 -2 
1 1 0 0 0 0 0 2 
-3 4 1 -1 0 1 0 -1 
0 1 0 0 0 -1 0 1 
-155 24 -81 58 -21 2 1 -2 
7 -11 4 6 -3 0 0 0 
0 -1 2 -6 0 -1 5 -1 
1 0 0 0 0 0 0 0 
0 -2 -4 0 0 3 0 0 
0 0 0 0 0 0 0 2 
-3 -1 0 0 0 0 0 0 
0 0 0 0 0 0 0 0 
-185 -5 -14 24 -5 2 -1 -4 
2 -11 7 -1 2 0 0 0 
0 0 -1 1 -5 3 -1 1 
0 0 0 0 0 0 0 0 
0 -1 0 -2 0 1 0 0 
0 0 0 0 0 0 0 0 
0 0 0 0 0 0 0 0 
0 0 0 0 0 0 0 0 
-135 -26 -76 43 28 2 -1 -2 
-4 -12 3 -5 -2 1 0 0 
0 0 3 6 -1 1 -6 -2 
-1 -1 0 0 0 0 0 1 
0 0 3 -1 -1 3 2 -1 
0 0 0 0 0 0 0 -3 
-2 2 1 0 0 0 0 0 
0 -1 0 0 0 0 0 0 
48 -76 -88 -13 -48 -3 1 6 
2 2 0 6 12 3 -1 0 
-1 2 4 1 -1 0 -1 -1 
-2 -1 0 0 0 0 0 -3 
-5 -1 0 0 0 1 -2 -2 
0 0 0 0 0 1 1 1 
0 0 2 3 0 -1 0 0 
1 0 -1 -1 0 -1 -2 -1 
130 11 4 1 -4 -6 3 3 
-1 0 0 0 1 -1 -2 1 
1 0 0 0 0 0 0 0 
0 0 -1 -1 0 0 0 0 
0 0 0 0 0 0 0 0 
0 0 0 0 0 0 0 0 
0 0 0 0 0 0 0 0 
0 0 0 0 0 0 0 0 
9 0 13 7 0 -2 0 -3 
0 4 2 0 -2 0 -1 0 
-1 0 -1 0 1 1 0 -1 
0 -1 0 0 0 0 0 -1 
0 -1 0 1 0 0 0 0 
0 0 0 0 0 0 0 0 
0 0 0 0 0 0 0 0 
0 0 0 0 0 0 0 0 
0 0 0 0 0 0 0 0 
0 0 0 0 0 0 0 0 
0 0 0 0 0 0 0 0 
0 0 0 0 0 0 0 0 
0 0 0 0 0 0 0 0 
0 0 0 0 0 0 0 0 
0 0 0 0 0 0 0 0 
0 0 0 0 0 0 0 0 
6 -7 7 4 -7 3 -1 4 
-4 1 1 -1 2 -1 0 0 
0 -1 1 -1 0 0 0 0 
0 0 0 0 0 0 0 0 
0 0 0 0 0 0 0 0 
0 0 0 0 0 0 0 0 
0 0 0 0 0 0 0 0 
0 0 0 0 0 0 0 0 
74 -20 53 -4 2 -1 -1 -2 
10 -1 0 -1 1 0 0 0 
0 0 2 -1 0 0 1 -1 
1 0 0 0 0 0 0 0 
1 -1 0 0 0 1 -1 0 
0 0 0 0 0 0 0 -1 
0 1 0 0 0 0 0 0 
0 0 -1 0 0 0 0 0 
119 -6 23 -12 6 -1 0 1 
-3 5 -3 1 0 0 0 0 
0 0 0 0 1 -1 0 1 
0 0 0 0 0 0 0 0 
0 -1 1 0 0 1 0 0 
0 0 0 0 0 0 0 0 
0 0 0 0 0 0 0 0 
0 0 0 0 0 0 0 0 
119 6 24 -12 -6 -1 0 1 
3 5 -3 -1 0 0 0 0 
0 0 0 0 1 -1 1 1 
0 0 0 0 0 0 0 0 
0 -1 -1 0 0 1 0 0 
0 0 0 0 0 0 0 0 
0 0 0 0 0 0 0 0 
0 0 0 0 0 0 0 0 
98 -9 43 -11 9 10 -2 -7 
-4 0 1 1 0 2 0 0 
0 0 2 1 0 0 -1 -1 
0 1 0 0 0 0 -1 -1 
0 0 1 0 0 1 0 0 
1 0 0 0 -1 0 0 0 
0 -1 0 0 0 0 0 0 
0 0 0 0 0 0 0 0 
58 11 46 5 -4 14 4 1 
-1 -1 -1 2 -6 0 0 0 
-2 0 -2 1 0 0 0 0 
1 -1 -1 0 0 0 0 2 
0 1 0 0 0 0 0 1 
1 0 0 1 0 0 0 0 
-1 1 0 0 -1 0 0 -1 
0 0 0 0 0 0 0 0 
2 3 0 -2 0 2 1 0 
-2 0 0 0 -1 0 0 0 
0 -1 0 0 0 0 0 0 
0 -1 0 0 0 0 0 0 
0 0 0 0 0 0 0 0 
0 0 0 0 0 0 0 0 
0 0 0 0 0 0 0 0 
0 0 0 0 0 0 0 0 
0 0 0 0 0 0 0 0 
0 0 0 0 0 0 0 0 
0 0 0 0 0 0 0 0 
0 0 0 0 0 0 0 0 
0 0 0 0 0 0 0 0 
0 0 0 0 0 0 0 0 
0 0 0 0 0 0 0 0 
0 0 0 0 0 0 0 0 
0 0 0 0 0 0 0 0 
0 0 0 0 0 0 0 0 
0 0 0 0 0 0 0 0 
0 0 0 0 0 0 0 0 
0 0 0 0 0 0 0 0 
0 0 0 0 0 0 0 0 
0 0 0 0 0 0 0 0 
0 0 0 0 0 0 0 0 
0 0 0 0 0 0 0 0 
0 0 0 0 0 0 0 0 
0 0 0 0 0 0 0 0 
0 0 0 0 0 0 0 0 
0 0 0 0 0 0 0 0 
0 0 0 0 0 0 0 0 
0 0 0 0 0 0 0 0 
0 0 0 0 0 0 0 0 
0 0 0 0 0 0 0 0 
0 0 0 0 0 0 0 0 
0 0 0 0 0 0 0 0 
0 0 0 0 0 0 0 0 
0 0 0 0 0 0 0 0 
0 0 0 0 0 0 0 0 
0 0 0 0 0 0 0 0 
0 0 0 0 0 0 0 0 
0 0 0 0 0 0 0 0 
0 0 0 0 0 0 0 0 
0 0 0 0 0 0 0 0 
0 0 0 0 0 0 0 0 
0 0 0 0 0 0 0 0 
0 0 0 0 0 0 0 0 
0 0 0 0 0 0 0 0 
0 0 0 0 0 0 0 0 
2 -2 2 1 -2 1 -1 1 
-1 1 0 -1 1 -1 0 0 
0 0 0 0 0 0 0 0 
0 0 0 0 0 0 0 0 
0 0 0 0 0 0 0 0 
0 0 0 0 0 0 0 0 
0 0 0 0 0 0 0 0 
0 0 0 0 0 0 0 0 
1 1 1 0 1 1 0 1 
1 0 0 0 0 0 0 0 
0 0 0 0 0 0 0 0 
0 0 0 0 0 0 0 0 
0 0 0 0 0 0 0 0 
0 0 0 0 0 0 0 0 
0 0 0 0 0 0 0 0 
0 0 0 0 0 0 0 0 
0 0 0 0 0 0 0 0 
0 0 0 0 0 0 0 0 
0 0 0 0 0 0 0 0 
0 0 0 0 0 0 0 0 
0 0 0 0 0 0 0 0 
0 0 0 0 0 0 0 0 
0 0 0 0 0 0 0 0 
0 0 0 0 0 0 0 0 
