0 0 0 0 0 0 0 0 
0 0 0 0 0 0 0 0 
0 0 0 0 0 0 0 0 
0 0 0 0 0 0 0 0 
0 0 0 0 0 0 0 0 
0 0 0 0 0 0 0 0 
0 0 0 0 0 0 0 0 
0 0 0 0 0 0 0 0 
5 -6 -6 2 6 4 -2 -4 
-3 0 0 1 2 2 1 -1 
-1 -1 0 0 0 0 0 0 
0 1 1 1 0 -1 -1 0 
0 0 0 0 0 0 0 0 
0 0 0 0 0 0 0 0 
0 0 0 0 0 0 0 0 
0 0 0 0 0 0 0 0 
30 18 -32 9 -9 15 3 -12 
-4 -2 2 3 2 -1 1 0 
0 -1 0 -1 -1 1 1 1 
1 -2 1 0 0 1 -1 1 
0 0 -1 0 0 0 0 0 
0 -1 0 0 0 1 0 0 
0 0 -1 -1 1 0 1 0 
0 0 0 0 0 0 0 0 
55 -9 -66 23 6 -1 0 1 
1 -3 -2 -3 0 0 0 0 
0 0 0 2 2 -1 0 0 
0 0 0 0 0 0 0 0 
0 0 -2 0 2 0 0 0 
0 0 0 0 0 0 0 0 
0 0 0 0 0 0 0 0 
0 0 0 0 0 0 0 0 
59 7 -70 23 -4 -2 0 1 
-2 -2 -2 3 0 0 0 0 
0 0 -1 -2 2 -1 0 1 
0 0 0 0 0 0 0 0 
0 0 2 0 -2 0 0 0 
0 0 0 0 0 0 0 0 
0 0 0 0 0 0 0 0 
0 0 0 0 0 0 0 0 
11 12 -15 8 -12 3 0 -4 
7 -3 2 -3 2 0 0 0 
0 0 -1 2 -1 1 -1 0 
0 0 0 0 0 0 0 0 
0 0 0 0 0 0 1 0 
0 0 0 0 0 0 0 0 
0 0 0 0 0 0 0 0 
0 0 0 0 0 0 0 0 
0 0 0 0 0 0 0 0 
0 0 0 0 0 0 0 0 
0 0 0 0 0 0 0 0 
0 0 0 0 0 0 0 0 
0 0 0 0 0 0 0 0 
0 0 0 0 0 0 0 0 
0 0 0 0 0 0 0 0 
0 0 0 0 0 0 0 0 
0 0 0 0 0 0 0 0 
0 0 0 0 0 0 0 0 
0 0 0 0 0 0 0 0 
0 0 0 0 0 0 0 0 
0 0 0 0 0 0 0 0 
0 0 0 0 0 0 0 0 
0 0 0 0 0 0 0 0 
0 0 0 0 0 0 0 0 
3 -4 4 2 -4 2 -1 2 
-2 1 0 -1 1 -1 1 0 
1 -1 1 0 0 0 0 0 
-1 1 -1 0 0 0 0 0 
0 0 0 0 0 0 0 0 
0 0 0 0 0 0 0 0 
0 0 0 0 0 0 0 0 
0 0 0 0 0 0 0 0 
134 -14 -32 -12 6 7 -6 17 
-1 -3 -1 -2 3 0 -3 -1 
1 0 -1 -1 -1 0 -1 -1 
0 2 2 -1 -1 1 -1 2 
0 -1 0 0 0 0 0 2 
-1 0 0 1 0 0 0 0 
0 0 0 0 1 1 0 1 
0 0 0 1 -1 0 0 0 
180 -3 -3 -1 -1 1 0 1 
0 -1 0 0 1 1 0 0 
0 0 0 0 0 0 0 0 
0 0 0 0 0 0 0 0 
0 0 0 0 0 0 0 0 
0 0 0 0 0 0 0 0 
0 0 0 0 0 0 0 0 
0 0 0 0 0 0 0 0 
167 8 26 -11 -8 1 0 -1 
2 3 0 1 1 0 0 0 
0 0 -1 -1 0 0 1 0 
0 0 0 0 0 0 0 0 
0 0 -1 0 0 -1 0 0 
0 0 0 0 0 0 0 0 
0 0 0 0 0 0 0 0 
0 0 0 0 0 0 0 0 
160 -3 41 -12 1 0 0 0 
0 0 2 0 0 0 0 0 
0 0 0 0 -1 0 0 0 
0 0 0 0 0 0 0 0 
0 0 0 1 0 0 0 0 
0 0 0 0 0 0 0 0 
0 0 0 0 0 0 0 0 
0 0 0 0 0 0 0 0 
168 8 6 -20 22 -5 0 -6 
7 0 -2 2 -2 1 0 0 
0 0 -1 2 0 0 -1 0 
-1 0 0 0 0 0 0 0 
-1 1 0 0 -1 0 -1 1 
0 0 0 0 0 0 1 -1 
1 0 0 0 0 0 0 0 
0 0 0 0 0 0 0 0 
57 50 -50 3 -28 1 0 7 
-4 1 0 2 -9 1 0 0 
0 0 2 1 0 0 0 0 
-3 0 0 0 0 0 0 -1 
3 1 0 0 0 -1 0 0 
0 0 0 0 0 -1 2 0 
0 -1 -1 1 0 0 0 0 
0 0 -1 1 0 0 0 1 
-7 -9 9 -5 9 -4 -1 4 
-5 2 -1 3 -3 1 0 1 
0 -1 1 -2 1 -1 1 -1 
1 0 -1 1 0 -1 1 0 
-1 1 -1 0 0 -1 0 0 
0 1 -1 1 -1 0 0 0 
0 0 0 0 0 0 0 0 
0 0 0 0 0 0 0 0 
62 -30 -42 -12 24 -10 1 2 
-5 6 2 -2 5 -2 0 0 
0 2 -1 1 -1 -1 1 -1 
-1 1 0 0 0 0 -1 0 
0 0 0 0 -1 1 0 -1 
1 0 0 0 0 -1 1 0 
1 0 0 0 0 0 0 0 
0 -1 0 0 0 0 0 0 
173 -6 -4 -1 -4 -3 -1 -2 
-1 0 0 0 -1 -1 -1 0 
-1 -1 0 0 0 0 0 0 
0 0 -1 0 0 0 0 0 
0 0 0 0 0 0 0 0 
0 0 0 0 0 0 0 0 
0 0 0 0 0 0 0 0 
0 0 0 0 0 0 0 0 
124 31 25 3 2 3 1 -8 
-6 0 0 0 -1 0 0 0 
-1 1 0 -1 0 0 0 1 
2 1 0 0 0 0 0 -1 
0 0 0 0 0 0 0 0 
0 0 0 0 -1 0 0 0 
0 0 0 1 0 0 0 0 
0 0 0 0 0 0 0 0 
37 42 38 -3 -31 -11 3 8 
7 -2 1 0 1 -1 1 -1 
-1 -1 -2 0 0 0 -1 1 
2 2 1 0 0 0 -1 -1 
0 0 1 0 0 0 -1 0 
0 0 0 0 1 1 1 0 
0 0 0 0 -1 -1 1 0 
0 0 1 0 0 0 -1 0 
-49 -9 118 -6 -1 1 0 0 
6 -11 2 -1 0 0 0 0 
0 0 0 -2 3 -1 2 0 
0 0 0 0 0 0 0 0 
0 0 1 -2 -3 0 0 0 
0 0 0 0 0 0 0 0 
0 0 0 0 0 0 0 0 
0 0 0 0 0 0 0 0 
-37 -13 72 35 29 -6 7 10 
-19 -1 -11 -7 -7 -6 0 0 
0 1 0 7 5 -3 -2 4 
1 0 0 -1 1 1 0 1 
-1 0 3 2 -3 -1 0 0 
0 0 -1 0 0 -1 0 0 
-2 0 -2 0 1 0 0 -1 
0 2 1 0 -1 1 0 -1 
-162 32 60 25 35 2 -1 -4 
17 11 3 1 -6 1 2 -1 
0 1 -3 -1 0 0 -1 -4 
-2 0 0 1 0 0 0 2 
0 -5 -2 0 -2 -2 2 1 
-2 -1 0 0 0 -1 1 1 
-1 0 2 0 0 0 0 0 
0 2 0 0 0 0 0 0 
-19 -25 -12 -7 -11 -13 -5 -6 
-8 1 0 1 -4 -2 -2 -1 
0 -2 1 0 0 0 1 0 
2 -1 0 0 0 1 0 2 
0 1 -1 0 0 -1 0 0 
2 0 0 0 1 0 0 0 
0 0 0 0 0 1 0 0 
0 0 0 0 0 0 0 0 
68 -62 2 4 -11 17 1 -5 
5 -2 1 -2 0 4 -3 1 
0 -1 0 1 -1 1 -1 0 
1 1 -1 1 -1 2 0 0 
0 0 1 0 0 0 0 0 
0 -1 0 2 0 0 0 0 
0 0 0 0 0 0 0 0 
0 0 0 0 0 0 0 0 
178 -2 -1 0 0 0 0 0 
0 0 0 0 0 0 0 0 
0 0 0 0 0 0 0 0 
0 0 0 0 0 0 0 0 
0 0 0 0 0 0 0 0 
0 0 0 0 0 0 0 0 
0 0 0 0 0 0 0 0 
0 0 0 0 0 0 0 0 
134 -2 -41 1 1 9 0 5 
5 3 -1 0 -4 -1 1 0 
2 0 -1 0 0 0 0 1 
1 0 0 0 0 1 0 -1 
1 0 0 0 0 0 -1 0 
0 0 0 0 0 1 0 0 
0 1 0 0 0 0 0 0 
0 0 -1 0 0 0 0 0 
57 71 20 -6 36 -15 6 -13 
0 -7 -2 1 0 1 -1 1 
0 -4 3 2 0 0 0 3 
-2 2 -1 0 0 0 -1 2 
0 0 0 -1 0 0 -1 0 
1 0 0 0 0 0 -1 0 
0 0 0 0 0 1 0 1 
0 1 0 1 0 0 0 0 
3 -4 -32 -18 -4 -12 1 -11 
3 -6 -3 -1 -6 -1 -1 0 
-1 1 -1 1 -1 -1 -1 0 
0 0 -1 -1 0 0 1 2 
1 2 0 0 0 1 0 2 
0 0 0 0 1 0 2 0 
1 0 1 -1 1 0 0 1 
0 1 0 0 0 0 0 0 
-197 10 -4 -1 -1 3 3 0 
-4 0 1 2 -3 -2 1 1 
0 -1 1 0 0 0 0 0 
0 -1 0 1 0 0 -2 1 
1 0 0 0 0 0 0 0 
1 0 0 0 0 0 0 0 
0 0 0 0 0 0 0 0 
0 0 0 0 0 0 0 0 
-218 4 1 0 0 0 0 0 
0 0 0 0 0 0 0 0 
0 0 0 0 0 0 0 0 
0 0 0 0 0 0 0 0 
0 0 0 0 0 0 0 0 
0 0 0 0 0 0 0 0 
0 0 0 0 0 0 0 0 
0 0 0 0 0 0 0 0 
-99 -70 -3 21 -2 -15 -3 4 
-8 5 -4 5 -7 1 1 1 
-1 1 -4 4 1 2 -3 2 
-4 2 -1 1 0 0 1 0 
-3 3 -2 -1 4 0 0 0 
1 0 0 -1 2 0 -1 1 
-1 0 -1 0 0 1 0 0 
-1 0 -1 1 0 1 1 1 
50 -36 45 7 -17 4 -2 -4 
6 1 1 3 -6 0 1 0 
0 1 -1 1 0 0 1 1 
-2 0 0 0 0 0 0 1 
-3 0 0 0 0 0 0 0 
-1 0 0 0 0 0 -1 0 
0 0 -1 0 0 0 0 0 
0 0 -1 1 0 0 1 0 
177 -6 3 -2 4 -2 -1 2 
-2 1 0 1 -1 1 -1 0 
1 -1 1 0 0 0 0 0 
1 -1 1 0 0 0 0 0 
0 0 0 0 0 0 0 0 
0 0 0 0 0 0 0 0 
0 0 0 0 0 0 0 0 
0 0 0 0 0 0 0 0 
143 -31 38 2 22 8 6 -7 
1 -13 9 -7 -2 -4 0 0 
0 -1 3 6 -4 -1 -4 -3 
4 0 0 1 0 -1 0 0 
-3 0 0 2 1 2 1 0 
0 0 0 0 1 0 0 1 
-2 -1 0 0 -1 0 0 0 
1 0 -1 0 0 0 -1 0 
123 2 -68 -6 3 8 0 2 
1 5 1 0 -4 0 1 0 
1 0 -2 0 -1 0 0 1 
0 -1 0 0 0 0 0 -2 
0 2 0 1 0 0 0 0 
0 0 0 0 0 0 1 0 
-1 0 0 0 0 0 0 0 
0 0 0 0 0 0 0 0 
3 93 -73 8 10 15 5 -1 
-20 10 1 -3 -3 4 0 -1 
2 3 -6 1 1 2 -1 -5 
0 3 1 0 0 0 1 0 
-1 0 -2 0 1 0 -1 0 
2 0 -1 -1 2 1 -2 1 
-2 0 -1 1 2 2 0 1 
0 0 -1 0 0 0 0 0 
14 -6 -16 -14 -39 -36 4 -1 
5 -3 -2 -2 -3 -3 -6 1 
0 4 -1 0 0 -1 0 0 
4 3 1 -2 0 -1 1 0 
1 1 0 0 0 0 2 1 
3 3 0 0 -2 -1 0 1 
0 0 0 0 0 1 -1 -1 
0 -1 -1 -1 0 0 -1 -1 
-221 4 1 0 0 0 0 0 
0 0 0 0 0 0 0 0 
0 0 0 0 0 0 0 0 
0 0 0 0 0 0 0 0 
0 0 0 0 0 0 0 0 
0 0 0 0 0 0 0 0 
0 0 0 0 0 0 0 0 
0 0 0 0 0 0 0 0 
-114 -95 27 -6 -3 -2 6 -15 
3 2 -1 -1 3 1 2 0 
3 -2 0 1 0 0 0 0 
2 0 0 -1 -1 -2 2 -1 
-1 0 0 0 0 0 0 1 
-1 0 -2 -2 1 0 -1 0 
0 0 1 1 -1 0 1 0 
0 0 0 0 -1 1 0 0 
19 -25 4 -9 -4 11 -4 3 
10 -1 0 1 -5 -1 1 0 
1 1 -1 0 -1 0 1 0 
1 0 -1 -1 1 1 -1 -1 
0 -1 0 0 0 0 1 0 
1 1 0 -1 -1 1 0 0 
0 0 0 0 0 0 0 0 
1 0 0 0 0 0 0 0 
34 17 107 10 -26 9 1 -3 
9 -8 0 3 -10 2 2 1 
0 -4 5 -3 -1 -1 -1 4 
-1 -2 0 0 0 0 -1 -2 
3 -3 0 1 0 -4 1 3 
-1 -1 0 0 0 0 1 -1 
1 -3 -1 2 -1 -1 0 1 
-1 -1 0 0 0 1 0 -1 
56 -7 91 -25 21 -3 0 -2 
-1 13 -1 -3 0 0 0 0 
0 1 -2 4 0 0 -5 0 
0 0 0 0 0 0 0 0 
1 1 1 -1 -1 -2 1 0 
0 0 0 0 0 0 0 -1 
2 1 -1 0 0 0 0 0 
0 0 0 0 0 0 0 0 
65 -4 26 -13 -3 -1 1 3 
-5 11 -4 -1 -1 0 0 0 
0 0 1 -2 4 -2 0 -1 
0 0 0 0 0 0 0 0 
0 1 -1 2 0 0 0 0 
0 0 0 0 0 0 0 0 
0 0 0 0 0 0 0 0 
0 0 0 0 0 0 0 0 
20 24 67 -32 -20 -1 1 2 
4 9 -2 4 2 0 0 0 
0 0 -2 -4 1 0 5 2 
1 1 0 0 0 0 0 -1 
0 0 -2 0 0 -2 -1 1 
0 0 0 0 0 0 0 2 
2 -2 0 0 0 0 0 0 
0 0 0 0 0 0 0 0 
-139 65 72 11 39 3 -1 -5 
-2 -1 0 -4 -9 -2 1 0 
1 -2 -3 0 1 0 0 1 
2 1 0 0 0 0 0 2 
4 1 0 0 0 0 1 2 
0 0 0 0 0 -1 -1 0 
0 0 -1 -2 0 0 0 0 
-1 0 1 1 0 1 2 1 
-210 -15 -6 -2 7 10 -5 -5 
2 0 0 0 -1 2 3 -2 
-2 1 0 0 0 0 0 0 
0 -1 1 1 -1 -1 0 0 
0 0 0 0 0 0 0 0 
0 0 0 0 0 0 0 0 
0 0 0 0 0 0 0 0 
0 0 0 0 0 0 0 0 
-16 0 -22 -13 0 4 0 5 
0 -6 -4 0 3 0 1 0 
1 0 2 0 -3 -2 0 2 
0 1 0 0 0 0 0 1 
0 1 0 -1 0 1 0 1 
0 0 0 0 0 0 1 0 
0 0 0 0 0 0 0 0 
0 0 0 0 0 0 0 0 
0 0 0 0 0 0 0 0 
0 0 0 0 0 0 0 0 
0 0 0 0 0 0 0 0 
0 0 0 0 0 0 0 0 
0 0 0 0 0 0 0 0 
0 0 0 0 0 0 0 0 
0 0 0 0 0 0 0 0 
0 0 0 0 0 0 0 0 
-7 9 -9 -5 9 -4 1 -4 
5 -2 -1 2 -2 1 0 0 
0 1 -1 1 0 0 0 0 
0 0 0 0 0 0 0 0 
0 0 0 0 0 0 0 0 
0 0 0 0 0 0 0 0 
0 0 0 0 0 0 0 0 
0 0 0 0 0 0 0 0 
-97 28 -69 5 -2 1 1 3 
-13 2 0 2 -2 0 0 0 
0 0 -3 2 1 0 -1 2 
-1 0 0 0 0 0 0 0 
-1 2 0 0 0 -1 1 0 
0 0 0 0 0 0 0 1 
0 -1 0 0 0 0 0 0 
0 1 1 0 0 0 0 0 
-166 12 -31 17 -8 1 0 -1 
4 -7 4 -1 0 0 0 0 
0 0 0 0 -2 1 1 -1 
0 0 0 0 0 0 0 0 
0 1 -1 -1 1 -1 0 0 
0 0 0 0 0 0 0 0 
0 0 0 0 0 0 0 0 
0 0 0 0 0 0 0 0 
-176 -6 -34 18 9 1 0 -1 
-4 -8 4 1 0 0 0 0 
0 0 0 0 -2 1 -1 -1 
0 0 0 0 0 0 0 0 
0 1 1 -1 -1 -1 0 0 
0 0 0 0 0 0 0 0 
1 0 0 0 0 0 0 0 
0 0 0 0 0 0 0 0 
-153 16 -67 17 -13 -16 4 12 
6 0 -2 -1 1 -3 0 -1 
1 0 -3 -1 0 0 2 2 
0 -1 0 1 0 -1 1 1 
1 1 -1 0 0 -2 -1 0 
-2 0 0 0 1 0 0 -1 
1 1 0 0 -1 0 1 0 
0 0 0 0 0 0 0 0 
-95 -16 -76 -8 7 -22 -6 -1 
2 2 1 -4 9 0 0 0 
4 0 3 -1 -1 0 1 1 
-2 2 2 -1 -1 1 -1 -2 
1 -1 0 0 0 0 1 -1 
-2 -1 0 -1 0 0 -1 0 
1 -1 0 0 2 -1 1 1 
-1 1 0 0 1 1 -1 0 
-4 -5 0 3 0 -3 -1 0 
3 0 -1 0 2 0 -1 -1 
0 1 0 -1 0 0 0 -1 
0 1 0 0 0 0 1 0 
-1 0 0 0 0 0 0 -1 
0 0 0 0 0 0 0 0 
0 0 0 0 0 0 0 0 
0 0 0 0 0 0 0 0 
0 0 0 0 0 0 0 0 
0 0 0 0 0 0 0 0 
0 0 0 0 0 0 0 0 
0 0 0 0 0 0 0 0 
0 0 0 0 0 0 0 0 
0 0 0 0 0 0 0 0 
0 0 0 0 0 0 0 0 
0 0 0 0 0 0 0 0 
0 0 0 0 0 0 0 0 
0 0 0 0 0 0 0 0 
0 0 0 0 0 0 0 0 
0 0 0 0 0 0 0 0 
0 0 0 0 0 0 0 0 
0 0 0 0 0 0 0 0 
0 0 0 0 0 0 0 0 
0 0 0 0 0 0 0 0 
0 0 0 0 0 0 0 0 
0 0 0 0 0 0 0 0 
0 0 0 0 0 0 0 0 
0 0 0 0 0 0 0 0 
0 0 0 0 0 0 0 0 
0 0 0 0 0 0 0 0 
0 0 0 0 0 0 0 0 
0 0 0 0 0 0 0 0 
0 0 0 0 0 0 0 0 
0 0 0 0 0 0 0 0 
0 0 0 0 0 0 0 0 
0 0 0 0 0 0 0 0 
0 0 0 0 0 0 0 0 
0 0 0 0 0 0 0 0 
0 0 0 0 0 0 0 0 
0 0 0 0 0 0 0 0 
0 0 0 0 0 0 0 0 
0 0 0 0 0 0 0 0 
0 0 0 0 0 0 0 0 
0 0 0 0 0 0 0 0 
0 0 0 0 0 0 0 0 
0 0 0 0 0 0 0 0 
0 0 0 0 0 0 0 0 
0 0 0 0 0 0 0 0 
-3 4 -4 -2 4 -2 1 -2 
2 -1 0 1 -1 1 -1 0 
-1 1 -1 1 0 0 0 -1 
1 -1 1 0 0 0 1 -1 
1 0 0 0 0 0 0 0 
0 0 0 0 0 0 0 0 
0 0 0 0 0 0 0 0 
0 0 0 0 0 0 0 0 
-1 -2 -1 -1 -2 -1 0 -1 
-1 0 0 0 -1 0 0 0 
0 0 0 0 0 0 0 0 
0 0 0 0 0 0 0 0 
0 0 0 0 0 0 0 0 
0 0 0 0 0 0 0 0 
0 0 0 0 0 0 0 0 
0 0 0 0 0 0 0 0 
0 0 0 0 0 0 0 0 
0 0 0 0 0 0 0 0 
0 0 0 0 0 0 0 0 
0 0 0 0 0 0 0 0 
0 0 0 0 0 0 0 0 
0 0 0 0 0 0 0 0 
0 0 0 0 0 0 0 0 
0 0 0 0 0 0 0 0 
