508 0 0 0 0 0 0 0 
0 0 0 0 0 0 0 0 
0 0 0 0 0 0 0 0 
0 0 0 0 0 0 0 0 
0 0 0 0 0 0 0 0 
0 0 0 0 0 0 0 0 
0 0 0 0 0 0 0 0 
0 0 0 0 0 0 0 0 
497 15 13 -9 -19 -14 13 18 
12 3 0 -5 -11 -16 -7 4 
9 10 5 0 0 0 0 0 
-2 -4 -5 -2 1 3 3 1 
0 0 0 0 0 0 0 0 
-1 -1 -1 1 0 0 0 0 
0 0 0 0 0 0 0 0 
0 0 0 0 0 0 0 0 
436 -42 76 -34 29 -58 -20 54 
19 17 -11 -30 -11 10 -4 1 
-3 15 -1 11 6 -3 -5 -3 
-6 9 -5 1 1 -3 5 -5 
-1 2 3 1 -1 0 1 0 
0 2 -2 1 1 -2 -1 0 
0 0 1 1 -1 1 -1 0 
0 -1 0 0 1 0 0 0 
378 23 156 -89 -20 5 2 -5 
-5 20 12 24 1 -2 1 0 
-1 2 3 -14 -11 3 1 -3 
-1 1 0 0 0 0 0 0 
-1 2 6 0 -5 -1 1 0 
0 0 0 0 0 0 1 -1 
0 1 0 0 0 0 0 0 
0 0 0 0 0 0 0 0 
367 -17 167 -92 13 6 -1 -6 
9 16 17 -23 -1 1 1 0 
-1 -1 7 12 -13 3 1 -3 
0 0 0 0 0 0 0 0 
0 1 -8 1 6 1 -1 0 
0 0 0 0 0 0 0 1 
-1 0 0 0 0 0 0 0 
0 0 0 0 0 0 0 0 
482 -29 35 -31 39 -13 -2 17 
-34 25 -12 26 -14 2 1 0 
-1 1 9 -12 6 -3 5 -2 
-2 1 0 0 0 0 0 -2 
2 0 -2 1 1 0 -2 1 
0 0 0 0 0 0 -1 1 
0 0 1 0 0 0 0 0 
0 0 0 0 0 0 0 0 
508 0 0 0 0 0 0 0 
0 0 0 0 0 0 0 0 
0 0 0 0 0 0 0 0 
0 0 0 0 0 0 0 0 
0 0 0 0 0 0 0 0 
0 0 0 0 0 0 0 0 
0 0 0 0 0 0 0 0 
0 0 0 0 0 0 0 0 
508 0 0 0 0 0 0 0 
0 0 0 0 0 0 0 0 
0 0 0 0 0 0 0 0 
0 0 0 0 0 0 0 0 
0 0 0 0 0 0 0 0 
0 0 0 0 0 0 0 0 
0 0 0 0 0 0 0 0 
0 0 0 0 0 0 0 0 
502 9 -8 -7 12 -8 7 -11 
10 -5 -2 7 -9 10 -4 2 
-6 8 -7 3 -1 0 1 -2 
3 -3 3 -1 1 -2 2 -2 
1 -1 0 0 0 0 0 -1 
1 -1 1 0 -1 0 0 0 
0 0 0 0 0 0 0 0 
0 0 0 0 0 0 0 0 
192 31 75 48 -19 -28 39 -78 
5 22 5 14 -21 -4 18 3 
-10 -3 13 6 3 2 4 7 
-3 -9 -9 4 3 -3 2 -8 
-2 4 2 0 0 2 1 -4 
3 1 -2 -2 1 0 -1 1 
1 0 0 -1 -1 -1 1 -2 
0 0 0 -1 2 1 -1 0 
83 7 7 5 3 -4 -3 -5 
2 5 2 2 -5 -5 1 2 
1 -5 -5 1 1 1 1 -2 
-2 1 2 0 -1 0 2 1 
-2 -1 0 0 0 -1 -1 0 
1 0 -1 -1 0 1 0 0 
0 0 0 0 0 0 0 0 
0 0 0 0 0 0 0 0 
115 -19 -67 47 27 -3 -2 6 
-11 -23 3 -6 -8 3 -1 0 
1 -3 8 9 1 -1 -6 -2 
1 -1 0 0 0 0 -1 1 
-1 -1 3 1 -1 2 1 -1 
1 0 0 0 0 0 1 -1 
-1 0 0 0 0 0 0 0 
0 0 0 0 0 0 0 0 
134 7 -105 51 -1 -1 1 1 
0 1 -15 1 0 -1 -1 0 
0 -1 -1 -1 6 2 0 1 
1 0 0 0 0 0 0 0 
0 0 1 -4 0 0 0 0 
0 0 0 0 0 0 0 0 
0 0 0 0 0 0 0 0 
0 0 0 0 0 0 0 0 
113 -16 -22 85 -73 20 -3 28 
-32 -4 13 -18 12 -8 1 0 
0 1 10 -16 3 -2 7 -3 
4 -3 -1 0 0 1 1 -2 
5 -5 -2 1 2 0 3 -3 
0 0 0 0 0 1 -2 3 
-2 0 -1 0 0 0 0 0 
0 0 0 0 0 0 0 0 
364 -108 130 -23 73 -12 7 -21 
34 0 -8 -34 51 -21 -5 2 
5 15 -13 3 2 0 -4 -7 
9 -5 -4 -1 0 1 3 7 
-7 1 4 1 0 1 -2 0 
-2 0 0 0 1 3 -3 1 
1 1 1 -2 -1 0 0 1 
0 1 1 -1 0 1 0 -1 
491 -22 23 -21 29 -15 -6 20 
-27 18 -9 23 -19 9 1 4 
-2 -8 16 -12 5 -2 6 -7 
4 1 -5 3 2 -4 3 0 
-3 4 -3 1 1 -2 2 0 
-2 3 -2 1 -2 1 0 -1 
1 0 0 0 1 -1 0 0 
0 0 0 0 0 0 0 0 
363 71 99 47 -76 37 -5 -10 
22 -40 -14 17 -37 16 0 2 
3 -22 15 -8 5 5 -4 5 
4 -3 -2 1 -1 -1 3 -2 
2 2 2 0 3 -2 -1 3 
-3 0 1 -1 0 1 -2 0 
-2 0 -1 1 0 1 -1 0 
-1 1 0 0 1 0 0 -1 
100 15 10 5 12 9 9 11 
7 2 -1 2 6 10 5 3 
6 6 2 -1 -1 0 -1 -1 
1 3 3 2 1 2 2 1 
0 -1 0 0 0 0 0 0 
0 1 1 0 0 0 0 0 
0 0 0 0 0 0 0 0 
0 0 0 0 0 0 0 0 
221 -77 -60 -14 -9 -14 -6 39 
27 -3 -4 1 7 4 -3 0 
7 -11 -1 7 0 -1 -1 -4 
-8 -6 -1 -1 0 1 -1 5 
1 0 2 0 0 -1 0 1 
1 -1 0 0 2 0 1 1 
0 0 0 -1 -1 0 0 0 
0 0 0 0 0 0 0 0 
296 57 52 -31 -64 -50 9 49 
12 0 0 19 -11 -3 2 -3 
-7 -15 -8 -10 3 -2 1 0 
9 7 5 1 1 -1 -3 -4 
-2 3 0 0 1 -2 -1 -1 
0 0 -1 1 1 1 1 0 
0 0 0 -1 -1 -1 1 0 
0 -1 1 1 0 0 -1 0 
151 -13 183 -26 9 0 3 -1 
18 -59 11 -13 -1 0 -1 1 
0 -4 1 -9 14 -4 9 0 
1 1 0 -1 0 0 -1 0 
1 0 3 -6 -7 0 -1 0 
0 1 0 0 0 0 0 0 
0 1 0 0 0 0 0 0 
0 0 0 0 0 0 0 0 
97 22 130 42 31 10 9 1 
-32 -21 -19 -26 -17 -4 -2 1 
-1 -3 -2 13 3 0 6 6 
1 0 0 0 0 0 0 2 
1 3 2 2 -4 -3 -1 0 
0 0 0 0 0 0 -1 0 
-2 0 0 -1 0 0 0 0 
0 1 1 0 0 0 0 0 
0 12 33 15 46 26 -13 6 
41 22 2 -6 -9 5 7 -4 
-4 11 12 -4 -7 -2 2 -1 
-8 -7 2 3 -1 -1 3 3 
-2 -6 -4 0 -3 0 3 1 
-3 -2 0 1 1 -1 -1 0 
1 0 1 1 0 0 0 -1 
0 1 0 0 0 0 0 0 
462 -62 -29 -30 -38 -52 -39 -28 
-40 8 -1 12 -32 -16 -16 -6 
-2 -20 14 -2 3 -2 3 0 
8 -5 3 -2 0 3 0 7 
1 2 -3 0 -1 -2 2 1 
5 1 2 1 3 1 1 -1 
0 0 -1 0 1 1 0 0 
-1 0 0 0 0 0 0 0 
348 146 -4 -15 36 -67 -6 22 
-25 13 -9 20 0 -34 20 -5 
4 13 5 -10 5 -3 6 -1 
-4 -6 6 -2 3 -6 2 0 
2 1 -3 1 2 0 -1 0 
0 4 2 -3 0 0 0 0 
0 0 0 0 0 0 0 0 
0 0 0 0 0 0 0 0 
88 5 1 0 0 0 0 0 
0 0 0 0 0 0 0 0 
0 0 0 0 0 0 0 0 
0 0 0 0 0 0 0 0 
0 0 0 0 0 0 0 0 
0 0 0 0 0 0 0 0 
0 0 0 0 0 0 0 0 
0 0 0 0 0 0 0 0 
194 8 100 -2 -3 -38 -4 -24 
-22 -21 5 -5 27 7 -9 -1 
-12 3 8 3 2 -2 0 -6 
-5 0 1 -2 0 -3 1 3 
-5 0 -1 1 0 2 2 1 
0 0 0 0 0 -1 -1 1 
-1 -1 0 -1 0 0 0 0 
0 0 1 0 -1 0 0 1 
235 -1 -146 19 12 -57 21 -20 
-1 39 -1 -2 23 23 -9 0 
2 7 -22 5 -7 -3 5 -16 
-1 6 -1 -1 0 1 -3 -1 
-1 0 3 1 1 1 -2 4 
-2 1 0 0 -1 -2 6 -2 
0 -1 1 -2 0 0 1 0 
0 -1 0 -1 1 1 -1 1 
347 5 -75 -73 -13 -50 0 -36 
-4 -32 -21 -1 -41 -4 -12 0 
-1 4 2 2 -4 -5 0 -2 
1 -4 -1 -3 0 0 1 8 
3 7 0 -1 0 1 0 3 
0 -1 0 0 2 0 5 0 
2 0 1 0 1 0 0 2 
0 1 0 0 0 0 0 0 
-41 8 -10 -5 -3 11 15 -1 
-15 2 3 10 -16 -9 7 3 
-3 -7 11 0 -2 1 0 0 
1 -5 0 3 1 -2 -4 2 
2 1 0 -1 -1 0 -1 0 
2 -1 -1 0 0 0 0 0 
0 0 0 0 0 0 0 0 
0 0 0 0 0 0 0 0 
-38 -5 -1 0 0 0 0 0 
0 0 0 0 0 0 0 0 
0 0 0 0 0 0 0 0 
0 0 0 0 0 0 0 0 
0 0 0 0 0 0 0 0 
0 0 0 0 0 0 0 0 
0 0 0 0 0 0 0 0 
0 0 0 0 0 0 0 0 
277 -168 -8 79 -8 -59 -22 18 
-36 33 -25 39 -47 9 9 8 
-7 15 -43 25 3 8 -13 8 
-20 7 -4 4 1 -1 3 -1 
-11 10 -6 -5 11 -1 1 -1 
3 -1 1 -2 4 0 -3 2 
-3 -1 -2 0 0 2 0 0 
-1 0 -2 1 1 2 1 1 
391 85 -107 -26 54 -15 13 17 
-27 -8 -4 -25 46 -2 -4 2 
2 -7 12 -7 0 -1 -5 -5 
11 1 0 0 0 1 1 -5 
9 -2 -2 -1 0 -1 1 0 
2 0 0 0 -1 0 3 0 
0 0 1 -1 1 0 -1 0 
1 0 1 -1 0 0 -1 0 
91 14 -7 7 -12 9 8 -12 
10 -5 2 -7 10 -10 4 3 
-6 9 -7 3 -1 0 -1 2 
-3 4 -3 1 1 -2 2 -2 
2 -1 0 0 0 0 -1 1 
-1 1 -1 0 -1 1 0 0 
0 0 0 0 0 0 0 0 
0 0 0 0 0 0 0 0 
53 -5 17 3 5 10 5 -4 
-2 -12 10 -9 1 -8 0 -1 
2 -3 10 4 -3 -1 -2 -3 
2 1 -1 1 0 0 -1 0 
-3 1 0 1 0 1 0 1 
0 0 0 0 1 0 0 0 
-1 0 0 0 0 0 0 0 
0 0 0 0 0 0 0 0 
210 -3 156 22 -9 -30 0 -11 
-2 -33 -5 2 31 -1 -6 0 
-5 -1 21 1 7 0 0 -7 
0 4 0 -1 0 -1 0 6 
1 -7 0 -4 0 1 0 1 
0 0 0 0 1 0 -2 0 
2 0 -1 0 0 0 0 0 
0 1 0 -1 0 0 -1 0 
147 -12 -76 64 67 -67 -3 10 
-28 51 15 -24 -11 9 9 7 
-3 11 -41 16 13 9 1 -16 
15 -2 -1 1 -1 3 1 8 
-4 -1 -3 0 2 0 -4 0 
2 3 1 2 -2 1 -4 1 
-3 1 -3 1 2 -2 0 3 
0 1 -2 0 1 0 0 0 
254 6 -18 -34 -73 -84 7 -16 
7 -15 -8 -11 -11 -16 -22 2 
-1 23 -5 0 0 -2 2 0 
10 11 3 -5 0 -3 4 1 
3 3 0 -1 0 0 3 2 
5 4 1 0 -2 -1 1 1 
0 0 0 0 0 1 -1 -1 
0 -1 -1 -1 -1 -1 -1 -1 
-34 -5 -1 0 0 0 -1 0 
0 0 0 0 0 0 0 0 
0 0 0 0 0 0 0 0 
0 0 0 0 0 0 0 0 
0 0 0 0 0 0 0 0 
0 0 0 0 0 0 0 0 
0 0 0 0 0 0 0 0 
0 0 0 0 0 0 0 0 
245 -220 58 -21 -10 -12 38 -66 
14 11 -4 -11 17 11 13 -2 
23 -26 -5 4 2 -1 -2 0 
9 0 3 -5 -3 -6 8 -3 
-4 0 1 0 0 0 1 2 
-3 -1 -5 -3 2 0 -1 -1 
0 0 1 1 -1 1 1 1 
0 0 0 -1 -2 1 0 0 
464 58 -9 36 13 -45 27 -13 
-46 5 -3 -7 33 13 -6 -2 
-8 -16 8 4 4 0 -5 -1 
-5 0 5 3 -2 -3 4 4 
0 3 -1 0 1 1 -2 1 
-3 -4 1 2 2 -1 1 -1 
0 0 1 0 1 -1 0 0 
-1 0 0 1 0 0 0 0 
127 79 -46 37 -115 29 -14 3 
69 -23 3 41 -45 26 1 -1 
1 -14 41 -23 3 2 -2 -3 
-1 8 1 0 0 2 5 -9 
7 -2 4 -1 -2 1 1 4 
-2 0 0 1 1 -2 1 0 
2 -3 0 3 -2 -1 0 2 
-1 0 0 1 0 2 -1 -2 
169 -52 65 -110 6 5 -4 10 
-12 10 -17 -18 13 -1 0 -1 
0 0 -1 20 -2 2 -6 2 
-4 1 0 0 0 0 0 0 
-1 3 8 0 1 -3 -1 1 
0 0 0 0 0 0 1 -2 
2 0 0 0 0 0 0 0 
0 0 0 0 0 0 0 0 
286 3 44 -55 21 -8 -1 3 
13 20 -28 18 -8 -3 -1 1 
1 0 3 7 6 -9 6 -3 
-1 -1 -1 0 0 1 1 0 
0 1 2 1 1 -1 -1 0 
-1 0 0 0 0 0 0 0 
0 0 0 0 0 0 0 0 
0 0 0 0 0 0 0 0 
252 32 113 -68 -34 -9 1 -3 
1 33 -9 14 4 -6 -2 0 
-3 -6 -16 -20 1 -2 10 3 
0 0 -2 0 0 -1 0 -3 
-1 0 -5 1 1 -3 -3 0 
-1 0 -1 0 -1 0 0 2 
2 -2 -1 0 0 0 0 0 
0 0 0 0 0 0 0 0 
45 75 90 24 69 9 -3 -7 
0 -4 1 -19 -32 -10 3 0 
3 -11 -19 -2 2 0 2 2 
3 2 0 0 0 -1 -1 4 
7 2 -1 0 0 -1 2 2 
0 0 0 0 0 -1 -1 -1 
0 0 -1 -2 0 0 0 0 
0 0 1 1 0 0 1 1 
1 -47 -18 -6 23 40 -36 -21 
9 1 -1 -2 -8 19 20 -12 
-11 7 2 1 0 0 -1 -1 
-1 -3 6 7 -3 -3 2 1 
1 1 0 0 0 0 0 0 
0 -1 1 0 0 0 0 0 
0 0 0 0 0 0 0 0 
0 0 0 0 0 0 0 0 
472 -1 -50 -47 -1 15 -2 21 
-1 -42 -24 -1 20 -3 5 -2 
8 -3 18 0 -14 -8 0 8 
-1 5 -2 1 -1 1 -2 4 
-1 5 0 -3 0 2 0 2 
-1 1 -1 0 1 -1 1 0 
1 0 1 0 0 0 0 0 
0 0 0 0 0 0 0 0 
508 0 0 0 0 0 0 0 
0 0 0 0 0 0 0 0 
0 0 0 0 0 0 0 0 
0 0 0 0 0 0 0 0 
0 0 0 0 0 0 0 0 
0 0 0 0 0 0 0 0 
0 0 0 0 0 0 0 0 
0 0 0 0 0 0 0 0 
483 32 -33 -28 43 -24 14 -32 
35 -20 -8 25 -25 18 -4 0 
-5 13 -17 10 -3 -1 3 -4 
3 -2 0 0 0 1 -1 0 
0 -1 0 0 0 1 -1 1 
-1 1 0 0 1 -1 1 -1 
0 0 1 -1 1 0 0 1 
-1 1 -1 1 0 0 0 0 
180 86 -237 27 -14 9 9 22 
-91 17 -4 23 -18 4 2 1 
3 -2 -42 18 5 -2 -6 11 
-6 0 1 0 0 1 0 -3 
-7 9 3 0 -1 -4 5 -1 
0 0 0 0 -1 -1 0 4 
1 -3 1 -1 -1 0 0 0 
1 1 2 1 0 0 1 0 
-4 23 -98 85 -35 6 3 -6 
25 -68 33 -12 0 -4 0 1 
0 2 7 -1 -16 7 5 -6 
1 0 -2 1 0 -1 1 1 
-2 6 -5 -3 3 -4 2 -1 
-1 0 0 0 0 0 1 -1 
2 0 0 0 0 0 0 0 
0 0 0 0 0 0 0 0 
13 -30 -99 85 32 5 -4 -5 
-21 -67 32 9 0 4 -1 -2 
2 -2 7 3 -15 7 -6 -6 
0 -1 2 0 0 0 -2 1 
1 6 5 -2 -3 -4 -1 0 
1 0 0 0 0 -1 0 1 
2 0 0 0 0 0 0 0 
0 0 0 0 0 0 0 0 
115 30 -174 71 -47 -66 26 59 
34 3 -12 -9 6 -25 -3 -5 
6 5 -36 -9 3 0 10 9 
-1 -7 2 3 -2 -3 5 4 
4 4 -4 0 0 -5 -2 -1 
-4 -1 2 0 2 1 0 -2 
2 3 0 0 -1 -1 1 1 
0 0 -1 0 -1 0 0 0 
283 -46 -179 -32 17 -89 -43 -5 
11 14 7 -32 64 3 1 -3 
30 1 37 -7 -4 -1 4 3 
-8 8 9 -3 -3 3 -2 -9 
4 -5 2 1 -2 0 2 -3 
-5 -2 -2 -2 -1 0 -1 -1 
2 -2 1 0 3 -1 1 2 
-1 1 0 0 1 1 -1 1 
500 -11 -1 10 -2 -11 -10 -1 
14 2 -4 3 13 -1 -5 -3 
-1 12 3 -6 -1 1 -1 -4 
1 5 0 -2 -1 0 3 1 
-3 -1 1 0 0 1 -1 -2 
1 2 0 1 0 -1 0 1 
0 0 0 0 0 0 0 0 
0 0 0 0 0 0 0 0 
508 0 0 0 0 0 0 0 
0 0 0 0 0 0 0 0 
0 0 0 0 0 0 0 0 
0 0 0 0 0 0 0 0 
0 0 0 0 0 0 0 0 
0 0 0 0 0 0 0 0 
0 0 0 0 0 0 0 0 
0 0 0 0 0 0 0 0 
508 0 0 0 0 0 0 0 
0 0 0 0 0 0 0 0 
0 0 0 0 0 0 0 0 
0 0 0 0 0 0 0 0 
0 0 0 0 0 0 0 0 
0 0 0 0 0 0 0 0 
0 0 0 0 0 0 0 0 
0 0 0 0 0 0 0 0 
508 0 0 0 0 0 0 0 
0 0 0 0 0 0 0 0 
0 0 0 0 0 0 0 0 
0 0 0 0 0 0 0 0 
0 0 0 0 0 0 0 0 
0 0 0 0 0 0 0 0 
0 0 0 0 0 0 0 0 
0 0 0 0 0 0 0 0 
508 0 0 0 0 0 0 0 
0 0 0 0 0 0 0 0 
0 0 0 0 0 0 0 0 
0 0 0 0 0 0 0 0 
0 0 0 0 0 0 0 0 
0 0 0 0 0 0 0 0 
0 0 0 0 0 0 0 0 
0 0 0 0 0 0 0 0 
508 0 0 0 0 0 0 0 
0 0 0 0 0 0 0 0 
0 0 0 0 0 0 0 0 
0 0 0 0 0 0 0 0 
0 0 0 0 0 0 0 0 
0 0 0 0 0 0 0 0 
0 0 0 0 0 0 0 0 
0 0 0 0 0 0 0 0 
502 9 -9 -8 12 -8 7 -11 
11 -7 -4 9 -10 10 -4 3 
-6 9 -9 5 -2 -1 3 -3 
4 -4 3 -1 1 -2 2 -3 
2 -2 1 0 1 -1 1 -1 
2 -1 1 0 -1 1 -1 1 
0 0 0 0 0 0 0 0 
0 0 0 0 0 0 0 0 
505 -4 -4 -3 -5 -3 -3 -5 
-4 -2 -1 -3 -4 -4 -2 -1 
-2 -4 -3 -1 0 0 -1 -1 
-1 -2 -1 -1 0 -1 -1 -1 
-1 0 0 0 0 0 0 0 
-1 0 0 0 0 0 0 0 
0 0 0 0 0 0 0 0 
0 0 0 0 0 0 0 0 
508 0 0 0 0 0 0 0 
0 0 0 0 0 0 0 0 
0 0 0 0 0 0 0 0 
0 0 0 0 0 0 0 0 
0 0 0 0 0 0 0 0 
0 0 0 0 0 0 0 0 
0 0 0 0 0 0 0 0 
0 0 0 0 0 0 0 0 
