0 0 0 0 0 0 0 0 
0 0 0 0 0 0 0 0 
0 0 0 0 0 0 0 0 
0 0 0 0 0 0 0 0 
0 0 0 0 0 0 0 0 
0 0 0 0 0 0 0 0 
0 0 0 0 0 0 0 0 
0 0 0 0 0 0 0 0 
14 -19 -17 5 12 9 -3 -7 
-5 -1 0 1 4 4 2 -1 
-2 -2 -1 0 0 0 0 0 
1 1 2 1 0 -1 -1 -1 
0 0 0 0 0 0 0 0 
0 1 1 0 0 0 0 0 
0 0 0 0 0 0 0 0 
0 0 0 0 0 0 0 0 
91 54 -97 21 -19 37 5 -23 
-8 -4 3 8 3 -3 1 0 
1 -2 0 -3 -2 1 1 1 
2 -3 2 0 0 1 -2 2 
0 -1 -1 -1 0 0 -1 0 
0 -1 1 0 0 2 0 0 
0 0 -1 -1 1 -1 1 -1 
0 1 0 0 -1 0 0 0 
164 -28 -197 56 13 -3 0 2 
2 -5 -3 -6 0 1 0 0 
0 0 0 3 4 -1 0 1 
0 0 0 0 0 0 0 0 
0 -1 -2 0 3 1 -1 0 
0 0 0 0 0 0 0 1 
0 -1 0 0 0 0 0 0 
0 0 0 0 0 0 0 0 
177 21 -211 58 -9 -4 0 2 
-4 -4 -4 6 0 0 0 0 
0 0 -1 -3 4 -1 0 1 
0 0 0 0 0 0 0 0 
0 0 3 0 -3 -1 0 0 
0 0 0 0 0 0 0 0 
1 0 0 0 0 0 0 0 
0 0 0 0 0 0 0 0 
33 37 -44 19 -25 8 0 -7 
14 -6 3 -7 4 0 0 0 
0 0 -1 3 -2 1 -2 1 
0 0 0 0 0 0 0 1 
-1 0 1 0 0 0 1 -1 
0 0 0 0 0 0 1 -1 
0 1 -1 0 0 0 0 0 
0 0 0 0 0 0 0 0 
0 0 0 0 0 0 0 0 
0 0 0 0 0 0 0 0 
0 0 0 0 0 0 0 0 
0 0 0 0 0 0 0 0 
0 0 0 0 0 0 0 0 
0 0 0 0 0 0 0 0 
0 0 0 0 0 0 0 0 
0 0 0 0 0 0 0 0 
0 0 0 0 0 0 0 0 
0 0 0 0 0 0 0 0 
0 0 0 0 0 0 0 0 
0 0 0 0 0 0 0 0 
0 0 0 0 0 0 0 0 
0 0 0 0 0 0 0 0 
0 0 0 0 0 0 0 0 
0 0 0 0 0 0 0 0 
8 -11 11 4 -7 5 -2 5 
-4 1 1 -2 3 -3 1 -1 
1 -1 1 -1 0 0 0 1 
-1 1 -1 1 0 1 -1 1 
-1 0 0 0 0 0 0 1 
-1 1 0 0 0 0 0 0 
0 0 0 0 0 0 0 0 
0 0 0 0 0 0 0 0 
402 -41 -95 -31 12 18 -10 33 
-2 -6 -1 -4 7 1 -5 -1 
2 1 -2 -1 -1 -1 -1 -2 
1 3 3 -2 -2 1 -1 3 
1 -2 -1 0 0 -1 0 2 
-2 -1 1 2 0 0 0 0 
0 0 0 1 1 1 -1 2 
1 0 0 1 -2 -1 1 0 
539 -9 -8 -3 -1 3 1 2 
-1 -1 -1 0 2 1 0 -1 
0 1 1 0 0 0 0 1 
1 0 -1 0 0 0 -1 0 
1 0 0 0 0 0 0 0 
-1 0 0 0 0 -1 0 0 
0 0 0 0 0 0 0 0 
0 0 0 0 0 0 0 0 
501 23 79 -28 -16 3 0 -2 
4 5 -1 1 2 -1 0 0 
0 0 -1 -2 0 0 2 0 
0 0 0 0 0 0 0 0 
0 0 -1 0 0 -1 -1 0 
0 0 0 0 0 0 0 1 
1 0 0 0 0 0 0 0 
0 0 0 0 0 0 0 0 
480 -8 123 -30 2 1 0 -1 
0 0 4 0 0 0 0 0 
0 0 0 0 -2 -1 0 0 
0 0 0 0 0 0 0 0 
0 0 0 2 0 0 0 0 
0 0 0 0 0 0 0 0 
0 0 0 0 0 0 0 0 
0 0 0 0 0 0 0 0 
504 23 19 -50 45 -13 1 -11 
13 0 -3 5 -4 2 0 0 
0 0 -1 3 -1 1 -2 1 
-1 1 0 0 0 0 0 1 
-2 2 1 0 -1 0 -2 2 
0 0 0 0 0 0 1 -2 
2 0 1 0 0 0 0 0 
0 1 0 0 0 0 0 0 
170 150 -149 8 -56 2 0 14 
-8 2 1 5 -20 2 0 0 
0 -1 4 1 0 -1 0 1 
-4 0 0 0 0 0 0 -2 
4 1 -1 0 -1 -1 0 -1 
0 0 0 0 0 -2 3 0 
0 -1 -1 1 0 0 0 -1 
1 -1 -1 1 0 -1 0 1 
-21 -26 28 -13 18 -9 -1 8 
-11 4 -2 6 -6 2 0 1 
0 -1 2 -3 2 -1 2 -2 
1 0 -2 1 1 -2 1 0 
-1 1 -1 0 1 -1 1 0 
-1 1 -1 1 -1 0 0 -1 
0 0 0 0 1 -1 0 0 
0 0 0 0 0 0 0 0 
185 -90 -126 -30 49 -24 1 4 
-9 10 4 -4 12 -4 0 -1 
-1 4 -2 2 -2 -2 1 -2 
-1 1 1 0 0 0 -1 1 
-1 -1 -1 0 -1 1 0 -2 
2 0 -1 1 0 -1 1 0 
1 0 1 -1 0 -1 1 -1 
1 -1 0 0 -1 0 0 1 
519 -19 -13 -3 -8 -6 -2 -5 
-3 0 0 0 -2 -3 -1 -1 
-1 -1 0 0 0 0 0 0 
0 -1 -1 -1 0 -1 -1 0 
0 0 0 0 0 0 0 0 
0 0 0 0 0 0 0 0 
0 0 0 0 0 0 0 0 
0 0 0 0 0 0 0 0 
372 94 74 8 4 7 1 -16 
-11 1 1 0 -2 -1 1 0 
-2 2 0 -2 0 0 0 1 
2 2 0 0 0 -1 0 -2 
-1 0 -1 0 0 1 0 -1 
-1 0 0 0 -1 0 -1 -1 
0 0 0 1 1 0 0 0 
0 0 0 0 0 0 0 0 
110 127 113 -8 -61 -26 5 17 
14 -3 2 1 1 -3 1 -1 
-2 -2 -4 0 0 0 -2 2 
2 3 2 0 0 0 -2 -2 
0 0 1 0 0 0 -1 0 
0 0 0 1 1 1 1 1 
-1 0 0 -1 -2 -1 1 1 
-1 -1 1 1 0 -1 -1 1 
-148 -26 354 -15 -1 2 1 0 
11 -19 4 -3 -1 0 0 0 
0 -1 0 -3 6 -2 3 0 
0 0 0 0 0 0 0 0 
1 0 2 -4 -4 0 -1 0 
0 1 0 0 0 0 0 0 
0 1 0 0 0 0 0 1 
0 0 1 0 0 0 -1 0 
-111 -38 215 88 58 -15 13 19 
-38 -2 -20 -16 -15 -13 -1 0 
-1 2 0 12 9 -5 -2 5 
1 1 1 -2 1 2 -1 1 
-1 0 4 4 -5 -2 0 0 
1 -1 -1 0 0 -1 0 1 
-3 -1 -3 -1 2 1 0 -2 
0 3 2 0 -1 1 0 -1 
-487 97 181 63 69 6 -3 -8 
34 20 6 2 -13 1 3 -2 
1 1 -4 -2 0 0 -2 -7 
-3 -1 0 1 0 0 0 3 
-1 -7 -4 0 -3 -3 2 2 
-3 -1 0 1 1 -1 1 1 
-1 1 3 1 0 0 0 -1 
0 2 0 0 1 0 1 0 
-57 -76 -36 -19 -23 -32 -9 -11 
-16 2 0 3 -10 -4 -4 -2 
0 -3 2 0 1 -1 1 0 
3 -1 1 -1 0 1 0 3 
0 1 -1 0 0 -1 1 0 
3 1 1 0 2 1 1 -1 
0 0 -1 0 1 1 0 0 
-1 0 0 -1 0 0 0 0 
204 -186 5 10 -23 43 2 -9 
11 -3 3 -5 0 9 -6 2 
-1 -2 -1 3 -2 1 -2 0 
1 2 -2 1 -1 2 -1 0 
-1 0 1 0 -1 0 1 0 
0 -2 -1 2 0 0 0 0 
0 0 0 0 0 0 0 0 
0 0 0 0 0 0 0 0 
534 -5 -2 0 0 0 0 0 
0 0 0 0 0 0 0 0 
0 0 0 0 0 0 0 0 
0 0 0 0 0 0 0 0 
0 0 0 0 0 0 0 0 
0 0 0 0 0 0 0 0 
0 0 0 0 0 0 0 0 
0 0 0 0 0 0 0 0 
402 -6 -123 1 3 23 1 10 
9 5 -1 1 -8 -2 2 0 
3 0 -1 -1 -1 1 0 2 
1 0 0 1 0 1 0 -1 
2 0 0 0 0 -1 -1 -1 
0 0 0 0 0 1 1 -1 
1 1 0 1 -1 0 0 0 
0 0 -1 0 1 0 0 -1 
170 214 61 -15 72 -39 12 -26 
-1 -12 -4 2 -1 2 -2 1 
0 -7 5 3 0 0 0 4 
-3 3 -1 1 0 1 -2 3 
-1 0 0 -1 1 -1 -2 -1 
1 0 0 0 -1 1 -2 0 
0 1 0 -1 0 1 0 1 
0 1 0 1 -1 0 0 0 
9 -11 -97 -45 -9 -30 2 -21 
7 -11 -5 -2 -13 -2 -3 1 
-1 2 -1 2 -2 -2 -1 0 
-1 -1 -1 -1 0 0 1 3 
2 2 1 -1 -1 1 -1 3 
-1 0 0 0 2 1 4 1 
1 -1 2 -1 1 0 0 2 
0 1 -1 1 0 0 1 0 
-591 31 -13 -4 -2 8 6 0 
-9 0 1 3 -7 -4 2 1 
-1 -1 2 0 -1 1 0 0 
0 -2 0 1 1 -1 -2 1 
1 0 0 -1 0 0 -1 0 
2 -1 0 0 0 0 0 1 
0 -1 0 0 1 0 0 0 
0 0 0 0 0 0 0 0 
-653 11 2 0 0 0 0 0 
0 0 0 0 0 0 0 0 
0 0 0 0 0 0 0 0 
0 0 0 0 0 0 0 0 
0 0 0 0 0 0 0 0 
0 0 0 0 0 0 0 0 
0 0 0 0 0 0 0 0 
0 0 0 0 0 0 0 0 
-297 -210 -9 52 -4 -36 -5 8 
-16 8 -7 10 -15 2 3 3 
-2 2 -7 6 1 3 -4 3 
-6 2 -1 2 1 0 1 -1 
-4 4 -3 -3 5 0 1 -1 
2 -1 0 -1 3 0 -2 2 
-2 -1 -2 0 0 2 0 0 
-1 -1 -2 1 1 2 1 1 
149 -108 136 16 -34 10 -3 -7 
12 2 1 6 -15 0 1 -1 
0 1 -2 2 0 0 2 1 
-4 0 0 0 0 0 0 2 
-4 1 1 0 0 1 -1 0 
-1 0 0 0 0 0 -2 0 
0 0 -1 1 -1 0 1 0 
-1 -1 -1 1 1 0 1 0 
530 -17 10 -5 8 -5 -2 5 
-4 1 0 2 -3 3 -1 -1 
1 -1 1 -1 0 0 0 -1 
1 -1 1 -1 0 1 -1 1 
-1 0 0 0 0 0 0 -1 
1 -1 0 0 0 0 0 0 
0 0 0 0 0 0 0 0 
0 0 0 0 0 0 0 0 
430 -92 115 5 45 20 10 -13 
2 -23 17 -15 -4 -8 0 0 
0 -1 5 11 -7 -2 -5 -4 
6 0 0 1 1 -2 0 0 
-5 0 0 4 2 2 1 0 
0 0 0 0 1 -1 0 2 
-2 -2 0 0 -2 0 0 1 
1 0 -1 1 1 0 -1 0 
369 7 -204 -15 6 19 0 5 
1 8 1 -1 -10 0 2 0 
1 0 -3 0 -2 0 0 2 
0 -1 0 1 0 0 0 -2 
0 3 0 2 0 0 0 0 
0 0 0 0 -1 0 2 0 
-2 0 1 0 -1 0 0 0 
0 -1 0 1 0 0 1 0 
9 280 -220 21 21 38 9 -2 
-41 18 2 -6 -7 8 -1 -1 
4 5 -11 2 3 3 -2 -7 
-1 4 2 0 0 0 2 -1 
-2 0 -3 0 2 0 -1 0 
2 0 -1 -1 4 2 -2 1 
-3 1 -2 1 3 3 1 2 
0 0 -2 1 0 0 0 1 
41 -17 -48 -35 -78 -91 7 -3 
11 -6 -4 -4 -8 -7 -11 2 
0 6 -1 0 0 -1 1 0 
5 5 2 -3 0 -2 1 -1 
1 2 0 -1 0 0 3 2 
5 4 1 -1 -3 -2 1 1 
-1 0 0 0 0 1 -2 -2 
-1 -1 -1 -1 -1 -1 -1 -1 
-662 11 3 0 0 0 0 0 
0 0 0 0 0 0 0 0 
0 0 0 0 0 0 0 0 
0 0 0 0 0 0 0 0 
0 0 0 0 0 0 0 0 
0 0 0 0 0 0 0 0 
0 0 0 0 0 0 0 0 
0 0 0 0 0 0 0 0 
-343 -285 80 -14 -6 -5 10 -29 
6 3 -1 -3 6 3 4 0 
6 -4 -1 1 1 0 -1 0 
3 0 1 -2 -1 -3 3 -1 
-1 0 0 0 0 0 0 2 
-2 -1 -3 -2 1 0 -1 0 
0 0 1 1 -1 1 1 1 
-1 -1 0 -1 -2 1 0 0 
57 -74 12 -23 -8 28 -7 6 
20 -1 1 2 -11 -3 2 1 
2 3 -1 -1 -1 0 2 0 
2 0 -2 -1 1 1 -2 -2 
0 -1 0 0 0 0 1 -1 
2 2 -1 -1 -1 1 -1 1 
0 0 -1 0 -1 1 1 0 
1 0 0 -1 0 0 0 0 
102 50 321 25 -52 21 2 -7 
19 -14 1 6 -21 4 3 1 
0 -6 8 -5 -1 -2 -2 6 
-2 -3 0 1 0 1 -1 -3 
5 -5 1 1 1 -5 2 4 
-2 -1 0 0 -1 0 1 -2 
2 -4 -2 2 -1 -1 -1 1 
-1 -2 0 1 0 2 -1 -1 
167 -21 273 -63 42 -8 0 -3 
-1 24 -2 -7 0 1 0 0 
0 1 -3 7 0 1 -8 0 
-1 0 0 0 0 0 0 -1 
1 2 2 -1 -2 -3 1 0 
0 0 0 0 0 0 0 -1 
3 2 -1 0 0 0 0 0 
0 0 0 0 0 0 0 0 
194 -11 78 -32 -6 -3 1 6 
-10 19 -7 -2 -3 0 0 1 
1 1 2 -3 8 -3 -1 -1 
0 0 -1 0 0 0 1 0 
0 1 -1 3 0 -1 0 0 
0 0 0 0 0 1 0 0 
0 0 0 0 0 0 0 0 
0 0 0 0 0 0 0 0 
59 73 202 -80 -41 -3 2 4 
9 17 -4 9 5 0 0 1 
0 0 -3 -8 1 -1 7 3 
2 1 0 0 0 0 1 -1 
0 1 -3 1 1 -3 -2 1 
0 0 0 0 0 0 0 4 
3 -2 -1 0 1 0 0 0 
1 1 0 1 0 0 0 0 
-417 194 216 26 78 7 -1 -9 
-3 -2 0 -10 -21 -5 2 0 
1 -3 -6 -1 1 0 1 1 
2 2 0 0 0 -1 -1 4 
5 1 0 0 0 -1 2 2 
0 0 0 1 0 -2 -1 -1 
-1 0 -2 -3 -1 1 0 -1 
-1 0 1 1 0 1 2 1 
-631 -44 -19 -4 15 26 -9 -9 
4 0 0 0 -3 5 6 -4 
-3 1 0 0 0 0 0 0 
0 -1 2 3 -1 -1 1 0 
0 0 0 0 0 0 0 0 
0 -1 1 0 0 0 0 0 
0 0 0 0 0 0 0 0 
0 0 0 0 0 0 0 0 
-48 0 -67 -31 0 10 -1 10 
0 -11 -7 0 7 -1 2 -1 
2 -1 3 0 -5 -3 0 3 
0 2 -1 0 0 1 -1 2 
0 2 0 -2 0 1 0 1 
-1 1 0 0 0 -1 1 0 
1 0 1 0 0 0 0 0 
0 0 0 0 0 0 0 0 
0 0 0 0 0 0 0 0 
0 0 0 0 0 0 0 0 
0 0 0 0 0 0 0 0 
0 0 0 0 0 0 0 0 
0 0 0 0 0 0 0 0 
0 0 0 0 0 0 0 0 
0 0 0 0 0 0 0 0 
0 0 0 0 0 0 0 0 
-21 27 -28 -11 18 -10 2 -9 
10 -3 -1 4 -5 3 -1 0 
-1 1 -2 1 -1 0 1 -1 
1 0 0 0 0 0 0 0 
0 0 0 0 0 0 0 0 
0 0 0 0 0 -1 1 -1 
0 0 1 -1 1 0 0 1 
-1 0 0 1 0 0 0 0 
-291 84 -208 13 -4 3 2 6 
-27 3 -1 4 -3 1 0 0 
1 0 -5 3 1 0 -1 2 
-1 0 0 0 0 0 0 -1 
-2 2 1 0 0 -2 2 -1 
0 0 0 0 0 0 0 2 
0 -2 1 -1 0 0 0 0 
0 1 1 0 0 0 1 0 
-498 36 -92 42 -16 2 1 -2 
7 -13 7 -2 0 -1 0 0 
0 0 1 0 -4 2 1 -1 
0 0 0 0 0 0 0 0 
-1 2 -1 -1 1 -2 1 0 
0 0 0 0 0 0 0 -1 
1 0 0 0 0 0 0 0 
0 0 0 0 0 0 0 0 
-527 -19 -103 46 18 3 -1 -2 
-9 -14 7 2 0 1 0 0 
0 0 1 0 -4 2 -2 -2 
0 0 1 0 0 0 0 0 
0 2 2 -1 -1 -2 -1 0 
0 0 0 0 0 0 0 1 
1 0 0 0 0 0 0 0 
0 0 0 0 0 0 0 0 
-459 49 -200 42 -26 -39 7 24 
13 1 -3 -2 1 -6 -1 -1 
1 1 -5 -2 1 0 3 3 
0 -2 0 1 -1 -1 2 2 
1 1 -2 0 0 -2 -1 -1 
-2 -1 1 0 2 1 0 -1 
1 2 0 0 -1 -1 1 1 
1 0 -1 0 -1 0 0 0 
-284 -49 -227 -20 14 -56 -10 -2 
4 4 2 -8 20 1 0 -1 
7 0 6 -2 -1 0 1 1 
-2 2 3 -1 -1 1 -1 -4 
2 -2 1 1 -1 0 1 -2 
-3 -1 -1 -2 -1 0 -1 -1 
2 -2 1 0 3 -1 1 2 
-1 1 -1 -1 1 1 -1 1 
-11 -15 -1 7 -1 -7 -3 -1 
6 1 -1 1 4 0 -2 -1 
0 2 0 -1 0 0 0 -1 
0 2 0 -1 0 0 1 0 
-1 0 1 0 0 1 0 -1 
0 1 0 0 0 -1 0 1 
0 0 0 0 -1 0 0 0 
0 0 0 0 0 0 0 0 
0 0 0 0 0 0 0 0 
0 0 0 0 0 0 0 0 
0 0 0 0 0 0 0 0 
0 0 0 0 0 0 0 0 
0 0 0 0 0 0 0 0 
0 0 0 0 0 0 0 0 
0 0 0 0 0 0 0 0 
0 0 0 0 0 0 0 0 
0 0 0 0 0 0 0 0 
0 0 0 0 0 0 0 0 
0 0 0 0 0 0 0 0 
0 0 0 0 0 0 0 0 
0 0 0 0 0 0 0 0 
0 0 0 0 0 0 0 0 
0 0 0 0 0 0 0 0 
0 0 0 0 0 0 0 0 
0 0 0 0 0 0 0 0 
0 0 0 0 0 0 0 0 
0 0 0 0 0 0 0 0 
0 0 0 0 0 0 0 0 
0 0 0 0 0 0 0 0 
0 0 0 0 0 0 0 0 
0 0 0 0 0 0 0 0 
0 0 0 0 0 0 0 0 
0 0 0 0 0 0 0 0 
0 0 0 0 0 0 0 0 
0 0 0 0 0 0 0 0 
0 0 0 0 0 0 0 0 
0 0 0 0 0 0 0 0 
0 0 0 0 0 0 0 0 
0 0 0 0 0 0 0 0 
0 0 0 0 0 0 0 0 
0 0 0 0 0 0 0 0 
0 0 0 0 0 0 0 0 
0 0 0 0 0 0 0 0 
0 0 0 0 0 0 0 0 
0 0 0 0 0 0 0 0 
0 0 0 0 0 0 0 0 
0 0 0 0 0 0 0 0 
0 0 0 0 0 0 0 0 
-8 11 -11 -5 7 -5 2 -5 
4 -2 -1 2 -3 2 -1 1 
-1 1 -1 1 -1 0 1 -1 
1 -1 1 -1 0 -1 1 -1 
1 -1 1 0 0 0 1 -1 
1 -1 0 0 -1 1 -1 0 
0 0 0 0 0 0 0 0 
0 0 0 0 0 0 0 0 
-3 -5 -4 -2 -3 -2 -1 -2 
-2 -1 0 -1 -1 -1 0 0 
-1 -1 0 0 0 0 0 0 
0 0 0 0 0 0 0 0 
0 0 0 0 0 0 0 0 
0 0 0 0 0 0 0 0 
0 0 0 0 0 0 0 0 
0 0 0 0 0 0 0 0 
0 0 0 0 0 0 0 0 
0 0 0 0 0 0 0 0 
0 0 0 0 0 0 0 0 
0 0 0 0 0 0 0 0 
0 0 0 0 0 0 0 0 
0 0 0 0 0 0 0 0 
0 0 0 0 0 0 0 0 
0 0 0 0 0 0 0 0 
