0 0 0 0 0 0 0 0 
0 0 0 0 0 0 0 0 
0 0 0 0 0 0 0 0 
0 0 0 0 0 0 0 0 
0 0 0 0 0 0 0 0 
0 0 0 0 0 0 0 0 
0 0 0 0 0 0 0 0 
0 0 0 0 0 0 0 0 
-14 19 17 -5 -12 -9 3 7 
5 1 0 -1 -3 -4 -2 1 
2 2 1 0 0 0 0 0 
-1 -1 -2 -1 0 1 1 1 
0 0 0 0 0 0 0 0 
0 -1 -1 0 0 0 0 0 
0 0 0 0 0 0 0 0 
0 0 0 0 0 0 0 0 
-87 -55 91 -19 20 -35 -5 22 
7 4 -3 -7 -3 3 -1 0 
-1 2 0 2 2 -1 -1 -1 
-2 3 -1 0 0 -1 2 -2 
0 1 1 1 0 0 1 0 
0 1 -1 0 0 -2 0 0 
0 0 1 1 -1 1 -1 1 
0 -1 0 0 1 0 0 0 
-137 20 165 -47 -8 3 0 -2 
-3 4 3 5 0 0 0 0 
0 0 0 -3 -3 1 0 -1 
0 0 0 0 0 0 0 0 
0 1 2 0 -2 0 1 0 
0 0 0 0 0 0 0 -1 
0 1 0 0 0 0 0 0 
0 0 0 0 0 0 0 0 
-134 -20 160 -43 9 3 0 -2 
2 3 4 -4 0 0 0 0 
0 0 1 2 -3 1 0 -1 
0 0 0 0 0 0 0 0 
0 0 -2 0 2 0 0 0 
0 0 0 0 0 0 0 0 
0 0 0 0 0 0 0 0 
0 0 0 0 0 0 0 0 
-23 -26 31 -14 17 -6 0 5 
-10 4 -2 5 -3 0 0 0 
0 0 1 -2 1 -1 1 0 
0 0 0 0 0 0 0 0 
1 0 -1 0 0 0 -1 1 
0 0 0 0 0 0 -1 1 
0 0 1 0 0 0 0 0 
0 0 0 0 0 0 0 0 
0 0 0 0 0 0 0 0 
0 0 0 0 0 0 0 0 
0 0 0 0 0 0 0 0 
0 0 0 0 0 0 0 0 
0 0 0 0 0 0 0 0 
0 0 0 0 0 0 0 0 
0 0 0 0 0 0 0 0 
0 0 0 0 0 0 0 0 
0 0 0 0 0 0 0 0 
0 0 0 0 0 0 0 0 
0 0 0 0 0 0 0 0 
0 0 0 0 0 0 0 0 
0 0 0 0 0 0 0 0 
0 0 0 0 0 0 0 0 
0 0 0 0 0 0 0 0 
0 0 0 0 0 0 0 0 
-9 12 -11 -5 8 -6 2 -5 
4 -1 -1 2 -3 3 -1 1 
-1 1 -1 1 0 0 0 -1 
1 -1 1 -1 0 -1 1 -1 
1 0 0 0 0 0 0 -1 
1 -1 0 0 0 0 0 0 
0 0 0 0 0 0 0 0 
0 0 0 0 0 0 0 0 
-406 28 93 32 -12 -18 10 -34 
2 6 1 4 -7 -1 5 1 
-2 -1 2 1 1 1 1 2 
-1 -3 -3 2 2 -1 1 -3 
-1 2 1 0 0 1 0 -2 
2 1 -1 -2 0 0 0 0 
0 0 0 -1 -1 -1 1 -2 
-1 0 0 -1 2 1 -1 0 
-494 -7 4 3 1 -2 -1 -2 
1 1 1 0 -1 -1 0 0 
0 -1 -1 0 0 0 0 -1 
-1 0 1 0 0 0 1 0 
-1 0 0 0 0 0 0 0 
1 0 0 0 0 1 0 0 
0 0 0 0 0 0 0 0 
0 0 0 0 0 0 0 0 
-515 11 58 -20 -11 1 0 -2 
2 3 0 2 2 -1 0 0 
0 0 -1 -2 -1 1 2 0 
0 0 0 0 0 0 0 0 
0 1 -1 0 0 -1 0 0 
0 0 0 0 0 0 0 0 
1 0 0 0 0 0 0 0 
0 0 0 0 0 0 0 0 
-531 0 106 -22 -6 0 0 0 
2 -3 5 0 0 0 0 0 
0 0 0 0 -2 -1 0 0 
0 0 0 0 0 0 0 0 
0 0 0 2 0 0 0 0 
0 0 0 0 0 0 0 0 
0 0 0 0 0 0 0 0 
0 0 0 0 0 0 0 0 
-460 -64 144 -25 -9 12 -2 3 
-12 12 0 -7 6 0 0 0 
0 0 -1 2 0 1 -3 0 
1 0 0 0 0 0 0 -1 
1 0 2 -1 -1 -3 2 -1 
0 0 0 0 0 0 -1 0 
1 1 -1 0 0 0 0 0 
0 0 0 0 0 0 0 0 
-107 -99 95 -7 39 -5 -1 -6 
2 0 -1 -1 10 0 -1 0 
0 0 -1 -2 0 0 1 -1 
3 -1 0 0 0 0 0 1 
-3 0 0 0 1 0 0 0 
0 0 0 0 0 1 -2 0 
0 1 1 -1 0 0 0 1 
0 0 1 -1 0 0 0 -1 
13 16 -18 8 -11 6 1 -5 
7 -3 2 -3 4 -1 0 -1 
0 1 -2 2 -1 1 -1 1 
-1 0 1 -1 -1 1 -1 0 
1 -1 1 0 0 1 -1 0 
1 -1 1 -1 1 0 0 0 
0 0 0 0 0 0 0 0 
0 0 0 0 0 0 0 0 
-199 94 134 34 -51 27 -1 -5 
10 -11 -4 5 -13 5 0 1 
1 -4 3 -2 2 2 -1 2 
1 -1 -1 0 -1 0 1 -1 
1 1 1 0 1 -1 0 2 
-2 0 1 -1 0 1 -1 0 
-1 0 -1 1 0 1 -1 1 
-1 1 0 0 1 0 0 -1 
-514 4 9 3 8 6 2 5 
3 0 0 0 2 3 1 1 
1 1 0 0 0 0 0 0 
0 1 1 1 0 1 1 0 
0 0 0 0 0 0 0 0 
0 0 0 0 0 0 0 0 
0 0 0 0 0 0 0 0 
0 0 0 0 0 0 0 0 
-582 28 20 7 16 9 1 -10 
-6 1 0 -1 -4 -2 1 0 
-1 2 0 -1 0 0 0 1 
2 1 0 0 0 0 1 -1 
0 0 0 0 0 0 0 -1 
-1 0 0 0 -1 0 -1 0 
0 0 0 1 1 0 0 0 
0 0 0 -1 0 0 0 0 
-427 -155 -181 15 67 35 -5 -24 
-11 1 -2 -5 1 2 -1 1 
2 3 3 2 -1 0 1 -1 
-4 -3 -2 0 0 0 2 2 
1 -1 -1 0 0 1 1 1 
0 0 1 -1 -1 -2 -2 0 
0 -1 0 1 2 1 -1 -1 
1 1 -1 -1 0 1 1 -1 
-128 44 -452 14 1 -3 -1 -1 
-14 23 -5 4 1 1 0 0 
0 1 0 4 -7 2 -4 0 
-1 0 0 1 0 0 1 0 
-1 0 -2 4 5 0 1 0 
0 -1 0 0 1 0 0 0 
0 -1 0 1 1 0 0 -1 
0 0 -1 0 0 0 1 0 
-150 14 -368 -98 -46 2 -10 -10 
41 6 19 16 14 9 2 0 
1 -1 0 -11 -6 3 -1 -5 
-1 0 0 1 -1 -1 0 -2 
0 -2 -4 -4 5 3 0 0 
-1 1 1 0 0 1 1 -1 
3 0 3 1 -1 -1 0 1 
-1 -3 -2 0 1 0 -1 1 
257 -118 -183 -63 -82 -17 1 -5 
-38 -16 -3 -5 4 -1 -2 1 
0 0 3 2 2 2 3 5 
3 1 0 -1 0 0 0 -1 
1 6 4 1 3 2 -2 -1 
2 1 0 0 0 1 -1 -2 
1 -1 -3 -1 0 0 0 0 
-1 -2 0 -1 0 0 -1 0 
35 47 22 12 14 20 6 7 
10 -1 0 -2 6 2 3 1 
0 2 -1 0 0 0 -1 0 
-2 1 0 0 0 -1 0 -2 
0 -1 1 0 0 1 0 0 
-2 0 -1 0 -1 0 0 1 
0 0 1 0 0 -1 0 0 
0 0 0 0 0 0 0 0 
-212 191 -6 -11 25 -43 -2 10 
-12 4 -3 6 0 -9 6 -2 
1 2 1 -3 2 -2 2 0 
-2 -2 2 -1 1 -3 1 0 
1 0 -1 0 1 0 -1 0 
0 2 1 -2 0 0 0 0 
0 0 0 0 0 0 0 0 
0 0 0 0 0 0 0 0 
-515 -9 -2 0 0 0 0 0 
0 0 0 0 0 0 0 0 
0 0 0 0 0 0 0 0 
0 0 0 0 0 0 0 0 
0 0 0 0 0 0 0 0 
0 0 0 0 0 0 0 0 
0 0 0 0 0 0 0 0 
0 0 0 0 0 0 0 0 
-531 -35 -44 0 -10 6 1 2 
1 1 0 1 -1 1 1 1 
1 -1 0 0 0 0 0 1 
0 0 1 0 0 0 0 0 
1 0 0 0 0 0 0 0 
0 0 0 0 0 0 0 0 
0 0 0 0 0 0 0 0 
0 0 0 0 0 0 0 0 
-278 -168 36 4 -46 43 -11 23 
0 4 3 -1 -3 -4 3 0 
0 4 -2 -2 1 1 -1 0 
2 -3 1 0 0 -1 2 -2 
1 0 -1 1 -1 0 1 -1 
0 0 0 0 1 0 -1 1 
0 0 -1 1 0 -1 0 -1 
0 0 0 0 0 0 0 0 
-239 36 97 52 6 34 -1 23 
-6 12 7 1 16 1 3 -1 
1 -2 1 -2 2 2 1 0 
0 1 1 1 0 0 -1 -3 
-2 -3 -1 1 0 -1 1 -3 
1 0 0 0 -2 -1 -4 0 
-1 1 -2 1 -1 0 0 -2 
0 -1 1 -1 0 0 -1 0 
383 -24 18 4 2 -9 -6 0 
10 0 -2 -4 8 4 -3 -1 
1 1 -3 0 1 -1 0 0 
0 2 0 -2 -1 1 3 -1 
-2 0 0 1 1 0 1 0 
-2 1 0 0 0 0 0 -1 
0 1 0 0 -1 0 0 0 
0 0 0 0 0 0 0 0 
413 0 0 0 0 0 0 0 
0 0 0 0 0 0 0 0 
0 0 0 0 0 0 0 0 
0 0 0 0 0 0 0 0 
0 0 0 0 0 0 0 0 
0 0 0 0 0 0 0 0 
0 0 0 0 0 0 0 0 
0 0 0 0 0 0 0 0 
180 129 6 -31 3 23 3 -5 
10 -5 4 -6 9 -1 -1 -2 
1 -1 4 -4 -1 -2 3 -2 
4 -1 1 -1 0 0 -1 0 
3 -2 2 2 -3 0 0 1 
-1 0 0 1 -2 0 1 -1 
1 0 1 0 0 -1 0 0 
1 0 1 -1 -1 -1 -1 -1 
-153 109 -142 -18 34 -9 3 8 
-12 -2 -1 -7 15 0 -1 1 
0 -1 2 -2 0 0 -2 -1 
4 0 0 0 0 0 0 -2 
4 -1 -1 0 0 -1 1 0 
1 0 0 0 0 0 2 0 
0 0 1 -1 1 0 -1 0 
1 1 1 -1 -1 0 -1 0 
-499 2 -13 4 -8 5 2 -5 
4 -1 1 -2 3 -3 1 1 
-1 1 -1 1 0 0 0 1 
-1 1 -1 1 0 -1 1 -1 
1 0 0 0 0 0 0 0 
-1 1 0 0 0 0 0 0 
0 0 0 0 0 0 0 0 
0 0 0 0 0 0 0 0 
-377 58 -94 -5 -32 -18 -8 10 
-1 17 -13 11 3 7 0 0 
0 1 -5 -8 5 1 4 4 
-5 0 0 -1 0 1 0 0 
4 0 0 -3 -1 -2 -1 0 
0 0 0 0 -1 0 0 -1 
2 1 0 0 2 0 0 -1 
-1 0 1 -1 0 0 1 0 
-404 -22 38 6 -7 -4 0 -2 
-2 0 0 0 1 0 0 0 
0 0 1 0 0 0 0 0 
0 0 0 0 0 0 0 0 
0 0 0 0 0 0 0 0 
0 0 0 0 0 0 0 0 
0 0 0 0 0 0 0 0 
0 0 0 0 0 0 0 0 
-147 -150 230 -41 -45 -1 -5 -3 
36 -17 -3 8 6 -7 -1 -1 
-2 -4 11 -4 -4 -4 2 8 
-3 -2 -1 0 0 -1 -2 -1 
2 0 2 0 -2 0 2 0 
-2 -1 0 0 -1 -1 3 -1 
3 -1 3 -1 -3 -1 -1 -2 
0 -1 2 -1 0 0 0 0 
-390 42 66 41 95 109 -9 1 
-15 7 4 5 10 9 13 -2 
-1 -8 2 -1 0 1 -1 0 
-6 -6 -2 4 0 3 -1 1 
-2 -2 0 1 0 0 -3 -3 
-6 -5 -1 1 3 3 -1 -1 
1 0 0 0 0 -2 2 2 
1 1 2 2 1 1 2 1 
413 0 0 0 0 0 0 0 
0 0 0 0 0 0 0 0 
0 0 0 0 0 0 0 0 
0 0 0 0 0 0 0 0 
0 0 0 0 0 0 0 0 
0 0 0 0 0 0 0 0 
0 0 0 0 0 0 0 0 
0 0 0 0 0 0 0 0 
206 172 -47 8 4 4 -6 17 
-4 -2 1 2 -3 -2 -2 0 
-3 3 0 -1 0 0 0 0 
-2 0 -1 1 1 2 -2 1 
1 0 0 0 0 0 0 -1 
1 0 2 1 -1 0 1 0 
0 0 -1 -1 1 0 -1 0 
0 0 0 0 1 -1 0 0 
-55 72 -11 22 8 -28 7 -5 
-19 1 -1 -2 10 3 -2 -1 
-2 -3 1 1 1 0 -2 0 
-2 0 2 1 -1 -1 2 2 
0 1 0 0 0 0 -1 1 
-2 -2 1 1 1 -1 1 -1 
0 0 1 0 1 -1 -1 0 
-1 0 0 1 0 0 0 0 
-162 13 -300 6 48 -32 -1 4 
-36 18 -4 -11 25 -3 -3 -1 
0 5 -6 7 -1 2 4 -6 
2 3 0 -1 0 -1 1 3 
-5 5 0 -1 0 4 -3 -3 
2 2 0 0 1 1 -1 3 
-4 6 1 -2 1 1 0 -1 
1 1 0 -1 -1 -1 0 2 
-466 71 -243 146 -41 5 1 -3 
14 -19 7 13 -6 -1 1 0 
0 -1 3 -11 0 -2 8 -1 
2 -1 0 0 0 0 0 0 
0 -3 -6 0 1 5 -1 0 
0 0 0 0 0 0 -1 3 
-4 -2 1 0 0 0 0 0 
-1 -1 0 0 0 0 0 0 
-556 -16 -43 61 -10 5 -1 -7 
3 -19 14 -3 5 1 0 -1 
-1 0 -2 1 -9 6 -1 2 
0 1 1 0 0 0 -1 -1 
0 -1 0 -3 0 1 0 0 
1 0 0 0 0 -1 0 0 
-1 0 0 0 0 0 0 0 
0 0 0 0 0 0 0 0 
-405 -78 -228 107 56 6 -2 -3 
-9 -21 6 -10 -5 2 0 -1 
0 1 5 11 -1 1 -9 -3 
-1 -1 1 0 0 0 0 2 
0 -1 4 -1 -1 4 3 -1 
0 0 0 0 0 0 0 -4 
-4 3 1 0 -1 0 0 1 
-1 -1 0 -1 0 0 0 0 
143 -228 -263 -32 -96 -9 2 12 
5 3 -1 13 26 7 -2 0 
-2 4 7 1 -2 0 -1 -2 
-3 -2 1 0 0 1 1 -4 
-7 -2 1 0 1 1 -2 -3 
0 1 0 -1 0 2 2 1 
1 0 3 4 1 -1 -1 1 
1 0 -2 -2 0 -1 -3 -2 
390 32 13 2 -9 -15 6 6 
-2 0 0 0 2 -3 -3 2 
2 -1 0 0 0 0 0 0 
0 1 -1 -2 1 1 0 0 
0 0 0 0 0 0 0 0 
0 0 0 0 0 0 0 0 
0 0 0 0 0 0 0 0 
0 0 0 0 0 0 0 0 
28 0 39 19 0 -6 0 -6 
0 7 4 0 -4 1 -1 0 
-1 0 -2 0 3 2 0 -2 
0 -1 0 0 0 0 0 -1 
0 -1 0 1 0 -1 0 -1 
0 0 0 0 0 0 -1 0 
0 0 0 0 0 0 0 0 
0 0 0 0 0 0 0 0 
0 0 0 0 0 0 0 0 
0 0 0 0 0 0 0 0 
0 0 0 0 0 0 0 0 
0 0 0 0 0 0 0 0 
0 0 0 0 0 0 0 0 
0 0 0 0 0 0 0 0 
0 0 0 0 0 0 0 0 
0 0 0 0 0 0 0 0 
17 -21 22 9 -14 8 -2 7 
-8 3 1 -3 4 -2 1 0 
1 -1 1 -1 0 0 0 1 
-1 0 0 0 0 0 0 0 
0 0 0 0 0 0 0 0 
0 0 0 0 0 1 -1 0 
0 0 -1 1 0 0 0 0 
1 0 0 0 0 0 0 0 
222 -60 160 -10 4 -3 -1 -5 
21 -2 1 -3 3 -1 0 0 
0 0 4 -2 -1 0 1 -2 
1 0 0 0 0 0 0 1 
1 -2 -1 0 0 1 -1 0 
0 0 0 0 0 0 0 -1 
0 1 -1 0 0 0 0 0 
0 -1 -1 0 0 0 0 0 
358 -19 68 -30 12 -2 -1 1 
-6 10 -5 2 0 1 0 0 
0 0 -1 0 3 -2 -1 1 
0 0 0 0 0 0 0 0 
0 -1 1 1 -1 1 -1 0 
0 0 0 0 0 0 0 1 
-1 0 0 0 0 0 0 0 
0 0 0 0 0 0 0 0 
358 18 71 -31 -12 -2 0 1 
5 10 -5 -1 0 -1 0 0 
0 0 -1 0 3 -2 1 1 
0 0 0 0 0 0 0 0 
0 -1 -1 1 1 1 0 0 
0 0 0 0 0 0 0 0 
-1 0 0 0 0 0 0 0 
0 0 0 0 0 0 0 0 
295 -26 130 -27 17 25 -4 -15 
-8 0 2 1 -1 4 0 1 
-1 0 3 1 -1 0 -2 -2 
0 1 0 -1 1 1 -1 -1 
-1 -1 1 0 0 2 1 0 
1 0 0 0 -1 -1 0 1 
-1 -1 0 0 1 1 -1 0 
0 0 1 0 0 0 0 0 
174 33 139 12 -7 34 7 1 
-3 -2 -1 5 -12 0 0 1 
-4 0 -4 1 1 0 -1 -1 
2 -1 -2 1 1 -1 1 2 
-1 1 0 0 0 0 -1 1 
2 1 0 1 0 0 1 1 
-1 1 0 0 -2 1 -1 -1 
1 -1 0 0 -1 -1 1 0 
6 9 1 -4 1 4 2 0 
-4 0 1 0 -3 0 1 1 
0 -1 0 1 0 0 0 1 
0 -1 0 0 0 0 -1 0 
1 0 0 0 0 0 0 1 
0 -1 0 0 0 0 0 0 
0 0 0 0 0 0 0 0 
0 0 0 0 0 0 0 0 
0 0 0 0 0 0 0 0 
0 0 0 0 0 0 0 0 
0 0 0 0 0 0 0 0 
0 0 0 0 0 0 0 0 
0 0 0 0 0 0 0 0 
0 0 0 0 0 0 0 0 
0 0 0 0 0 0 0 0 
0 0 0 0 0 0 0 0 
0 0 0 0 0 0 0 0 
0 0 0 0 0 0 0 0 
0 0 0 0 0 0 0 0 
0 0 0 0 0 0 0 0 
0 0 0 0 0 0 0 0 
0 0 0 0 0 0 0 0 
0 0 0 0 0 0 0 0 
0 0 0 0 0 0 0 0 
0 0 0 0 0 0 0 0 
0 0 0 0 0 0 0 0 
0 0 0 0 0 0 0 0 
0 0 0 0 0 0 0 0 
0 0 0 0 0 0 0 0 
0 0 0 0 0 0 0 0 
0 0 0 0 0 0 0 0 
0 0 0 0 0 0 0 0 
0 0 0 0 0 0 0 0 
0 0 0 0 0 0 0 0 
0 0 0 0 0 0 0 0 
0 0 0 0 0 0 0 0 
0 0 0 0 0 0 0 0 
0 0 0 0 0 0 0 0 
0 0 0 0 0 0 0 0 
0 0 0 0 0 0 0 0 
0 0 0 0 0 0 0 0 
0 0 0 0 0 0 0 0 
0 0 0 0 0 0 0 0 
0 0 0 0 0 0 0 0 
0 0 0 0 0 0 0 0 
0 0 0 0 0 0 0 0 
0 0 0 0 0 0 0 0 
0 0 0 0 0 0 0 0 
5 -7 7 3 -5 3 -1 3 
-3 1 1 -1 2 -2 1 0 
1 -1 1 -1 0 0 -1 1 
-1 1 -1 0 0 0 -1 1 
-1 0 0 0 0 0 0 1 
-1 0 0 0 0 0 0 0 
0 0 0 0 0 0 0 0 
0 0 0 0 0 0 0 0 
2 3 3 1 2 1 0 1 
1 0 0 0 1 1 0 0 
0 0 0 0 0 0 0 0 
0 0 0 0 0 0 0 0 
0 0 0 0 0 0 0 0 
0 0 0 0 0 0 0 0 
0 0 0 0 0 0 0 0 
0 0 0 0 0 0 0 0 
0 0 0 0 0 0 0 0 
0 0 0 0 0 0 0 0 
0 0 0 0 0 0 0 0 
0 0 0 0 0 0 0 0 
0 0 0 0 0 0 0 0 
0 0 0 0 0 0 0 0 
0 0 0 0 0 0 0 0 
0 0 0 0 0 0 0 0 
