1016 0 0 0 0 0 0 0 
0 0 0 0 0 0 0 0 
0 0 0 0 0 0 0 0 
0 0 0 0 0 0 0 0 
0 0 0 0 0 0 0 0 
0 0 0 0 0 0 0 0 
0 0 0 0 0 0 0 0 
0 0 0 0 0 0 0 0 
994 30 27 -17 -37 -29 26 35 
24 7 0 -10 -22 -32 -11 9 
13 20 9 1 0 0 0 -1 
-4 -9 -11 -6 2 7 4 2 
0 0 1 0 -1 0 0 0 
-1 -2 -2 1 1 0 0 0 
0 0 0 0 0 0 0 0 
0 0 0 0 0 0 0 0 
872 -85 153 -68 59 -115 -41 108 
38 33 -17 -60 -21 20 -6 3 
-4 30 -1 16 13 -7 -10 -7 
-11 19 -10 2 2 -6 8 -8 
-2 3 8 3 -2 0 2 0 
0 3 -3 1 1 -5 -1 0 
0 0 2 2 -3 1 -2 1 
0 -1 0 1 1 0 -1 0 
756 45 312 -178 -41 10 3 -11 
-11 40 19 48 3 -5 1 0 
-2 5 6 -21 -22 9 2 -5 
-1 1 0 0 1 0 1 0 
-1 3 16 0 -11 -2 2 -1 
-1 0 0 0 0 0 1 -2 
1 1 -1 0 0 0 0 0 
-1 0 0 0 0 0 0 0 
735 -33 335 -184 26 13 -2 -11 
18 32 25 -47 -3 3 1 0 
-1 -2 13 18 -25 8 2 -6 
0 1 1 0 -1 -1 -1 0 
1 1 -19 2 12 2 -1 -1 
0 0 1 0 0 0 1 1 
-2 -1 -1 0 0 0 0 0 
1 0 0 0 0 0 0 0 
964 -58 70 -62 78 -26 -3 35 
-68 49 -18 52 -27 3 1 0 
-2 1 17 -18 11 -6 11 -4 
-3 3 0 -1 0 1 0 -3 
4 0 -5 2 1 1 -3 3 
-1 0 0 0 0 1 -2 2 
-1 -1 1 -1 0 0 0 0 
1 -1 0 0 0 0 0 0 
1016 0 0 0 0 0 0 0 
0 0 0 0 0 0 0 0 
0 0 0 0 0 0 0 0 
0 0 0 0 0 0 0 0 
0 0 0 0 0 0 0 0 
0 0 0 0 0 0 0 0 
0 0 0 0 0 0 0 0 
0 0 0 0 0 0 0 0 
1016 0 0 0 0 0 0 0 
0 0 0 0 0 0 0 0 
0 0 0 0 0 0 0 0 
0 0 0 0 0 0 0 0 
0 0 0 0 0 0 0 0 
0 0 0 0 0 0 0 0 
0 0 0 0 0 0 0 0 
0 0 0 0 0 0 0 0 
1004 17 -17 -14 23 -16 15 -22 
19 -10 -3 14 -18 20 -6 5 
-8 16 -13 4 -1 0 2 -4 
6 -7 7 -3 1 -5 4 -3 
2 -1 1 0 0 0 1 -2 
2 -2 2 1 -1 1 -1 0 
0 0 0 0 0 0 0 0 
0 0 0 0 0 0 0 0 
384 63 149 97 -39 -57 78 -155 
10 44 7 28 -41 -8 27 6 
-14 -7 26 9 7 4 7 14 
-6 -18 -17 10 6 -7 4 -13 
-3 7 4 0 0 3 1 -7 
6 2 -3 -4 1 0 -1 1 
1 0 0 -2 -2 -2 1 -2 
-1 0 0 -2 3 1 -1 0 
165 13 13 10 5 -8 -6 -11 
4 10 3 4 -10 -10 1 4 
2 -10 -9 2 3 2 1 -4 
-5 2 5 0 -1 0 3 1 
-3 -2 1 1 0 -1 -1 1 
2 0 -2 -1 0 1 0 -1 
0 0 0 1 0 -1 -1 0 
0 0 0 0 0 0 0 0 
230 -38 -134 94 55 -7 -4 13 
-21 -45 5 -11 -17 6 -1 0 
1 -5 15 14 3 -3 -12 -3 
2 -2 1 0 0 0 -1 1 
-2 -2 6 1 -1 4 2 -1 
1 0 0 0 0 -1 1 -2 
-2 1 -1 0 0 0 0 0 
0 1 0 0 0 0 0 0 
268 14 -210 102 -2 -3 3 3 
-1 1 -22 3 1 -2 -1 1 
1 -1 -3 -1 13 6 0 1 
1 0 0 0 0 0 0 -1 
-1 0 1 -7 -1 -1 0 0 
0 0 0 0 0 0 0 0 
1 0 0 0 0 0 0 0 
0 0 0 0 0 0 0 0 
225 -32 -44 170 -146 40 -6 56 
-64 -7 20 -35 23 -15 1 0 
0 2 19 -24 6 -5 13 -6 
8 -5 -2 1 0 2 1 -4 
8 -8 -6 2 4 -1 5 -5 
1 0 0 0 1 1 -3 5 
-4 1 -2 0 0 0 0 1 
0 -1 0 0 0 0 0 0 
729 -217 261 -46 146 -25 14 -41 
67 0 -12 -67 101 -42 -8 4 
7 30 -25 4 5 0 -9 -14 
18 -11 -8 -3 0 2 5 12 
-12 1 10 2 0 1 -3 0 
-4 -1 -1 1 1 6 -6 2 
2 1 2 -3 -1 0 0 2 
0 1 2 -2 0 1 1 -2 
982 -43 46 -42 59 -30 -12 41 
-53 35 -14 45 -38 17 2 7 
-3 -17 32 -18 10 -6 13 -13 
8 2 -10 8 4 -11 5 0 
-5 7 -8 2 3 -3 3 -1 
-3 5 -5 2 -3 1 1 -2 
1 1 -1 0 1 -1 1 -1 
0 0 0 0 0 0 0 0 
727 142 197 94 -153 74 -10 -20 
44 -80 -21 34 -74 32 0 5 
5 -45 30 -12 10 11 -9 11 
8 -7 -5 2 -2 -1 4 -3 
4 3 5 -1 5 -4 -1 7 
-6 0 3 -2 0 3 -3 0 
-3 -1 -1 1 -1 1 -1 1 
-1 2 -1 -1 1 0 0 -1 
200 30 20 10 23 18 18 23 
14 3 -1 4 13 20 7 6 
8 12 3 -1 -1 0 -1 -1 
1 5 7 4 1 5 3 1 
-1 -1 -1 0 0 0 -1 0 
0 1 2 1 0 0 0 0 
0 0 0 0 0 0 0 0 
0 0 0 0 0 0 0 0 
443 -153 -119 -27 -18 -27 -11 78 
55 -7 -5 3 15 9 -4 0 
11 -22 -3 11 0 -3 -2 -8 
-16 -12 -1 -1 0 3 -2 8 
2 0 4 0 0 -2 -1 3 
2 -2 0 0 3 0 2 1 
0 0 0 -2 -2 0 -1 0 
-1 0 -1 1 0 1 0 0 
592 114 104 -61 -128 -100 19 97 
24 0 -1 38 -21 -7 4 -7 
-10 -30 -16 -16 6 -6 3 1 
18 15 10 1 1 -2 -5 -6 
-3 6 -1 0 2 -3 -2 -1 
0 -1 -2 2 2 3 3 0 
0 1 0 -2 -2 -2 1 1 
-1 -1 1 1 0 -1 -1 1 
302 -26 366 -52 18 -1 6 -2 
36 -118 16 -26 -1 0 -1 2 
0 -7 1 -14 28 -9 18 1 
2 1 0 -2 0 1 -1 0 
2 -1 7 -12 -14 0 -2 0 
1 1 0 0 -1 1 0 -1 
0 1 0 -1 -1 0 0 1 
0 0 1 0 0 0 -1 0 
193 44 261 84 62 20 17 3 
-65 -43 -29 -51 -34 -8 -3 2 
-1 -6 -5 19 6 0 11 12 
1 0 0 0 1 0 0 3 
2 6 4 4 -8 -5 -1 1 
1 -1 -1 0 0 -1 -2 0 
-4 0 -1 -1 0 0 0 -1 
1 2 2 0 0 0 1 0 
0 24 65 30 92 51 -26 12 
82 44 3 -12 -18 11 10 -9 
-6 21 24 -7 -14 -5 3 -2 
-16 -14 4 6 -2 -2 5 5 
-4 -10 -10 0 -6 0 5 1 
-5 -3 1 1 2 -1 -2 0 
1 0 2 2 0 -1 0 -1 
0 2 0 0 1 0 1 0 
923 -124 -58 -61 -75 -104 -77 -56 
-80 16 -2 24 -63 -31 -24 -12 
-3 -40 28 -2 5 -4 7 -1 
16 -9 5 -5 -1 8 0 12 
1 4 -6 -1 -1 -3 3 2 
9 2 4 1 5 2 2 -2 
-1 -1 -2 1 1 2 1 0 
-1 -1 -1 -1 0 0 0 0 
696 292 -8 -30 71 -133 -13 44 
-51 27 -14 40 0 -69 30 -11 
6 26 9 -16 10 -9 13 -2 
-9 -12 13 -6 6 -15 3 0 
3 1 -8 2 3 0 -2 0 
0 6 3 -6 -1 0 0 1 
1 -1 0 0 0 0 0 0 
1 0 0 0 0 0 0 -1 
177 11 3 0 0 0 1 0 
0 1 0 0 0 0 0 0 
0 0 0 0 0 0 0 0 
0 0 0 0 0 0 0 0 
0 0 0 0 0 0 0 0 
0 0 0 0 0 0 0 0 
0 0 0 0 0 0 0 0 
0 0 0 0 0 0 0 0 
388 16 201 -5 -5 -76 -8 -48 
-44 -43 7 -9 53 14 -14 -3 
-18 5 16 4 3 -5 0 -11 
-9 1 2 -6 0 -9 1 5 
-8 -1 -3 1 1 3 3 2 
1 -1 0 0 1 -3 -1 2 
-1 -2 -1 -2 1 1 0 0 
1 1 2 0 -1 0 0 1 
470 -2 -291 37 23 -115 43 -40 
-1 77 -1 -4 47 47 -14 0 
3 14 -44 8 -13 -8 11 -31 
-1 13 -3 -3 0 3 -5 -1 
-2 0 6 1 1 2 -3 9 
-4 1 0 0 -2 -4 12 -3 
0 -1 2 -3 0 1 1 0 
-1 -2 1 -2 1 1 -1 2 
694 11 -150 -145 -27 -101 1 -71 
-7 -64 -31 -2 -83 -7 -18 0 
-2 8 4 3 -7 -12 1 -4 
3 -8 -3 -8 0 1 2 13 
4 12 0 -1 -1 2 1 6 
0 -1 -1 0 4 1 9 1 
3 0 3 -1 2 0 0 2 
0 2 -1 1 0 0 1 0 
-82 16 -19 -11 -6 22 30 -3 
-31 4 5 20 -32 -19 11 6 
-4 -14 22 1 -3 2 0 0 
3 -9 0 7 2 -4 -7 4 
4 1 -1 -2 -2 -1 -2 1 
4 -2 -1 -1 1 0 0 1 
-1 -1 0 0 1 0 0 0 
0 -1 0 0 0 0 0 0 
-76 -10 -2 0 0 0 -1 0 
0 0 0 0 0 0 0 0 
0 0 -1 0 0 0 0 0 
0 0 0 0 0 0 0 0 
0 0 0 0 0 0 0 0 
0 0 0 0 0 0 0 0 
0 0 0 0 0 0 0 0 
0 0 0 0 0 0 0 0 
553 -336 -16 158 -16 -118 -45 37 
-72 66 -37 79 -94 17 13 16 
-10 29 -86 38 6 20 -25 16 
-41 14 -9 10 2 -2 5 -2 
-18 16 -16 -10 22 -1 2 -3 
5 -2 2 -3 7 1 -5 4 
-5 -1 -3 1 0 3 0 1 
-1 -1 -3 2 1 2 2 2 
782 170 -214 -52 108 -31 27 34 
-55 -16 -7 -49 92 -3 -6 4 
2 -13 23 -10 0 -1 -11 -9 
23 2 0 -1 0 2 1 -8 
16 -3 -4 -1 0 -2 2 -1 
4 0 0 0 -1 -1 5 0 
-1 0 2 -1 1 0 -1 1 
1 1 1 -2 -1 0 -2 0 
181 29 -15 15 -24 17 16 -23 
20 -10 3 -14 19 -21 6 5 
-9 17 -14 4 -2 1 -2 4 
-6 7 -7 3 1 -5 4 -4 
3 -1 1 0 0 0 -1 2 
-2 2 -2 1 -1 1 -1 0 
0 0 0 0 0 0 0 0 
0 0 0 0 0 0 0 0 
106 -10 34 7 10 20 10 -9 
-5 -23 14 -18 1 -16 0 -2 
4 -7 19 6 -5 -1 -5 -6 
4 2 -1 3 0 -1 -1 0 
-4 2 0 2 1 1 1 1 
-1 0 -1 0 1 0 0 0 
-1 0 0 0 0 0 0 0 
0 0 0 0 0 0 0 0 
419 -6 312 44 -18 -59 0 -21 
-4 -65 -7 4 62 -2 -10 0 
-7 -3 41 2 14 0 0 -14 
0 8 -1 -3 0 -2 -1 9 
1 -11 0 -7 0 1 1 1 
0 1 0 0 1 0 -4 0 
4 0 -1 0 1 0 0 0 
0 1 0 -1 0 0 -1 0 
295 -24 -151 128 135 -134 -7 20 
-56 102 23 -48 -21 18 13 15 
-4 22 -81 25 25 21 1 -33 
30 -3 -3 3 -1 6 2 14 
-7 -1 -6 0 4 -1 -7 -1 
4 5 3 3 -3 2 -8 1 
-5 2 -4 2 3 -3 0 4 
-1 1 -2 0 1 0 -1 0 
507 12 -37 -68 -147 -168 15 -33 
13 -29 -13 -22 -23 -32 -33 3 
-1 46 -10 0 0 -4 4 0 
21 21 6 -11 -1 -7 6 1 
4 5 1 -2 0 0 6 4 
9 7 2 -1 -3 -3 1 2 
-1 0 0 0 -1 1 -2 -2 
-1 -1 -2 -1 -1 -1 -2 -1 
-67 -10 -2 0 0 0 -1 0 
0 0 0 1 0 0 0 0 
0 0 0 0 0 0 0 0 
0 0 0 0 0 0 0 0 
0 0 0 0 0 0 0 0 
0 0 0 0 0 0 0 0 
0 0 0 0 0 0 0 0 
0 0 0 0 0 0 0 0 
490 -441 116 -42 -19 -23 75 -131 
28 21 -6 -21 34 22 19 -3 
35 -52 -10 7 5 -2 -4 0 
17 1 5 -13 -5 -15 13 -5 
-6 0 3 0 -1 -1 1 5 
-5 -2 -10 -6 3 0 -3 -1 
0 0 2 2 -2 1 2 1 
-1 -1 0 -1 -3 2 0 -1 
927 116 -18 72 26 -89 54 -26 
-92 9 -5 -14 67 26 -9 -3 
-12 -33 17 5 8 1 -10 -2 
-10 0 11 8 -4 -8 7 7 
-1 6 -1 -1 1 1 -3 2 
-5 -7 3 4 3 -2 2 -2 
-1 1 2 -1 2 -1 -1 0 
-1 0 0 1 0 -1 0 0 
253 158 -92 73 -229 59 -28 7 
139 -46 4 82 -89 52 1 -2 
1 -28 81 -34 6 5 -5 -5 
-2 15 2 -1 1 5 8 -15 
12 -3 9 -1 -4 1 1 8 
-3 -1 0 2 1 -3 1 1 
3 -5 -1 5 -3 -1 0 3 
-2 -1 0 1 -1 3 -2 -3 
339 -104 130 -219 12 10 -9 21 
-24 21 -25 -37 27 -2 -1 -2 
0 0 -2 29 -4 6 -11 4 
-8 2 0 1 0 0 -1 1 
-2 5 21 0 1 -6 -1 2 
0 0 0 0 0 0 2 -4 
3 1 0 0 0 0 0 0 
0 1 0 0 0 0 0 0 
573 6 87 -111 41 -16 -2 7 
26 39 -42 36 -17 -7 -1 1 
1 -1 6 10 12 -23 12 -6 
-3 -1 -2 0 0 2 1 1 
0 1 6 3 3 -2 -1 -1 
-1 0 0 0 1 0 0 0 
0 0 0 0 0 0 0 0 
0 0 0 0 0 0 0 0 
505 65 225 -136 -68 -17 2 -6 
3 66 -14 29 7 -11 -3 0 
-4 -11 -32 -31 2 -4 19 5 
0 0 -5 -1 0 -2 -1 -5 
-2 0 -12 1 1 -6 -5 0 
-1 -1 -1 0 -1 0 -1 4 
3 -3 -1 -1 0 0 0 -1 
0 0 0 0 0 0 0 0 
90 150 180 48 139 19 -5 -15 
0 -8 2 -38 -64 -20 5 1 
4 -22 -39 -2 4 1 3 3 
7 5 -1 -1 1 -2 -1 7 
11 3 -1 0 -1 -1 3 4 
0 -1 1 1 0 -2 -2 -1 
-1 0 -2 -3 -1 1 0 -1 
-1 0 1 1 0 1 2 1 
2 -94 -35 -12 45 79 -72 -43 
18 2 -2 -3 -16 39 30 -24 
-16 15 4 2 1 0 -1 -2 
-2 -6 13 16 -6 -9 3 1 
1 1 0 0 0 0 -1 -1 
0 -2 3 1 0 1 0 0 
0 0 0 0 0 0 0 0 
0 0 0 0 0 0 0 0 
945 -1 -99 -93 -2 30 -4 42 
-1 -84 -36 -1 40 -6 8 -3 
11 -6 36 -1 -28 -19 0 15 
-3 11 -5 2 -1 3 -3 6 
-1 8 0 -7 0 4 -1 4 
-2 2 -2 -1 1 -1 3 0 
2 0 1 -1 1 -1 0 0 
0 1 0 0 0 0 0 0 
1016 0 0 0 0 0 0 0 
0 0 0 0 0 0 0 0 
0 0 0 0 0 0 0 0 
0 0 0 0 0 0 0 0 
0 0 0 0 0 0 0 0 
0 0 0 0 0 0 0 0 
0 0 0 0 0 0 0 0 
0 0 0 0 0 0 0 0 
966 65 -67 -56 86 -48 29 -64 
71 -40 -12 50 -51 37 -6 1 
-7 27 -33 14 -5 -1 6 -8 
7 -4 0 1 -1 2 -1 1 
0 -1 1 0 0 1 -2 2 
-2 2 -1 -1 2 -3 3 -2 
1 -1 2 -2 2 -1 -1 2 
-2 1 -1 1 -1 -1 1 0 
360 172 -475 53 -29 19 18 43 
-182 35 -6 46 -36 8 2 3 
5 -3 -83 27 10 -4 -11 21 
-12 -1 1 0 1 2 0 -5 
-11 15 6 0 -2 -7 8 -3 
-1 1 0 0 -1 -2 0 7 
1 -5 2 -1 -1 0 -1 0 
1 2 3 1 0 1 1 0 
-8 45 -196 170 -70 11 6 -12 
50 -136 49 -24 1 -8 0 3 
0 3 13 -1 -31 18 9 -13 
2 -1 -4 1 -1 -2 2 1 
-3 10 -11 -5 5 -7 3 -1 
-1 0 1 -1 0 1 1 -2 
3 1 -1 0 0 1 -1 0 
0 0 0 0 1 -1 0 0 
26 -59 -197 170 63 10 -7 -10 
-43 -135 48 17 0 7 -2 -3 
2 -4 14 4 -30 17 -12 -12 
-1 -2 4 0 -1 1 -3 1 
2 10 13 -5 -6 -7 -2 -1 
2 -1 1 0 1 -1 0 1 
3 -1 0 1 -1 0 0 1 
0 0 0 -1 0 0 0 0 
229 61 -349 143 -93 -131 52 117 
67 6 -18 -19 11 -51 -4 -9 
9 10 -73 -14 6 1 21 18 
-1 -13 3 9 -4 -7 9 7 
7 7 -11 1 1 -8 -3 -2 
-8 -2 3 0 4 2 0 -4 
3 4 0 0 -2 -2 2 1 
1 1 -2 -1 -1 0 0 0 
566 -91 -358 -63 34 -179 -86 -11 
22 28 10 -63 128 6 2 -6 
44 2 74 -10 -8 -3 7 7 
-16 15 18 -7 -6 7 -4 -16 
6 -8 5 3 -3 1 4 -7 
-9 -4 -3 -4 -2 1 -2 -2 
4 -3 1 -1 6 -2 2 3 
-2 2 -1 -1 2 1 -2 1 
1000 -23 -2 20 -3 -22 -19 -3 
28 5 -6 6 26 -3 -8 -6 
-1 23 6 -9 -2 3 -2 -8 
3 10 -1 -4 -2 -1 5 2 
-5 -1 4 0 0 2 -1 -3 
1 3 0 1 0 -2 -1 1 
0 0 1 0 -1 0 0 0 
0 0 0 0 0 0 0 0 
1016 0 0 0 0 0 0 0 
0 0 0 0 0 0 0 0 
0 0 0 0 0 0 0 0 
0 0 0 0 0 0 0 0 
0 0 0 0 0 0 0 0 
0 0 0 0 0 0 0 0 
0 0 0 0 0 0 0 0 
0 0 0 0 0 0 0 0 
1016 0 0 0 0 0 0 0 
0 0 0 0 0 0 0 0 
0 0 0 0 0 0 0 0 
0 0 0 0 0 0 0 0 
0 0 0 0 0 0 0 0 
0 0 0 0 0 0 0 0 
0 0 0 0 0 0 0 0 
0 0 0 0 0 0 0 0 
1016 0 0 0 0 0 0 0 
0 0 0 0 0 0 0 0 
0 0 0 0 0 0 0 0 
0 0 0 0 0 0 0 0 
0 0 0 0 0 0 0 0 
0 0 0 0 0 0 0 0 
0 0 0 0 0 0 0 0 
0 0 0 0 0 0 0 0 
1016 0 0 0 0 0 0 0 
0 0 0 0 0 0 0 0 
0 0 0 0 0 0 0 0 
0 0 0 0 0 0 0 0 
0 0 0 0 0 0 0 0 
0 0 0 0 0 0 0 0 
0 0 0 0 0 0 0 0 
0 0 0 0 0 0 0 0 
1016 0 0 0 0 0 0 0 
0 0 0 0 0 0 0 0 
0 0 0 0 0 0 0 0 
0 0 0 0 0 0 0 0 
0 0 0 0 0 0 0 0 
0 0 0 0 0 0 0 0 
0 0 0 0 0 0 0 0 
0 0 0 0 0 0 0 0 
1003 18 -17 -16 24 -17 15 -23 
22 -13 -5 19 -21 21 -6 5 
-9 19 -18 7 -4 -2 5 -7 
8 -8 7 -3 1 -5 4 -4 
4 -3 3 -1 1 -2 2 -3 
3 -2 2 1 -1 2 -2 1 
-1 0 -1 1 -1 1 0 -1 
0 0 0 0 0 0 0 0 
1011 -7 -7 -6 -10 -7 -6 -9 
-8 -5 -2 -6 -8 -8 -3 -2 
-4 -7 -6 -2 -1 0 -1 -2 
-3 -3 -3 -1 0 -2 -2 -2 
-1 -1 -1 0 0 0 -1 -1 
-1 -1 -1 0 -1 0 0 0 
0 0 0 0 0 0 0 0 
0 0 0 0 0 0 0 0 
1016 0 0 0 0 0 0 0 
0 0 0 0 0 0 0 0 
0 0 0 0 0 0 0 0 
0 0 0 0 0 0 0 0 
0 0 0 0 0 0 0 0 
0 0 0 0 0 0 0 0 
0 0 0 0 0 0 0 0 
0 0 0 0 0 0 0 0 
